"","doy","month","decades","accumswe_daily","aet_daily","deficit_daily","pet_daily","rain_daily","runoff_daily","soil_water_daily"
"1",1,"Jan","1980-2019",123.9825,0,0,0,0.0775,0.105,83.6275
"2",1,"Jan","2020-2059",116.1725,0,0,0,0,0,84.8225
"3",1,"Jan","2060-2099",101.745,0,0,0,0.0175,0.2775,85.3075
"4",2,"Jan","1980-2019",126.025,0,0,0,0.0525,0.0525,83.6275
"5",2,"Jan","2020-2059",119,0,0,0,0.14,0.14,84.8225
"6",2,"Jan","2060-2099",104.2175,0,0,0,0.0225,0.0225,85.3075
"7",3,"Jan","1980-2019",128.4275,0,0,0,0,0,83.6275
"8",3,"Jan","2020-2059",121.6125,0,0,0,0.11,0.52,84.8225
"9",3,"Jan","2060-2099",106.16,0,0,0,0,0.095,85.3075
"10",4,"Jan","1980-2019",130.49,0,0,0,0,0,83.6275
"11",4,"Jan","2020-2059",124.4075,0,0,0,0,0,84.8225
"12",4,"Jan","2060-2099",108.08,0,0,0,0.035,0.205,85.3075
"13",5,"Jan","1980-2019",133.6875,0,0,0,0,0,83.6275
"14",5,"Jan","2020-2059",126.7675,0,0,0,0,0,84.8225
"15",5,"Jan","2060-2099",110.35,0,0,0,0,0.02,85.3075
"16",6,"Jan","1980-2019",135.0175,0,0,0,0.03,0.0475,83.6275
"17",6,"Jan","2020-2059",129.25,0,0,0,0,0,84.8225
"18",6,"Jan","2060-2099",111.63,0,0,0,0.0775,0.315,85.3075
"19",7,"Jan","1980-2019",137.3625,0,0,0,0.0175,0.1675,83.6275
"20",7,"Jan","2020-2059",130.945,0,0,0,0.04,0.32,84.8225
"21",7,"Jan","2060-2099",113.23,0,0,0,0.295,0.54,85.3075
"22",8,"Jan","1980-2019",139.72,0,0,0,0.045,0.09,83.6275
"23",8,"Jan","2020-2059",132.6925,0,0,0,0.275,0.4925,84.8225
"24",8,"Jan","2060-2099",116.2475,0,0,0,0.015,0,85.3225
"25",9,"Jan","1980-2019",141.6975,0,0,0,0.005,0.005,83.6275
"26",9,"Jan","2020-2059",135.3,0,0,0,0.0175,0.045,84.8225
"27",9,"Jan","2060-2099",118.455,0,0,0,0.02,0.02,85.3225
"28",10,"Jan","1980-2019",144.89,0,0,0,0,0,83.6275
"29",10,"Jan","2020-2059",137.21,0,0,0,0.09,0.5575,84.8225
"30",10,"Jan","2060-2099",120.1625,0,0,0,0.045,0.09,85.3375
"31",11,"Jan","1980-2019",148.1125,0,0,0,0,0,83.6275
"32",11,"Jan","2020-2059",139.1725,0,0,0,0,0.2875,84.8225
"33",11,"Jan","2060-2099",121.575,0,0,0,0,0,85.3375
"34",12,"Jan","1980-2019",150.4775,0,0,0,0,0,83.6275
"35",12,"Jan","2020-2059",140.7025,0,0,0,0.155,0.24,84.8425
"36",12,"Jan","2060-2099",121.7525,0,0,0,0.0575,0.6625,85.3375
"37",13,"Jan","1980-2019",152.1,0,0,0,0,0.01,83.6275
"38",13,"Jan","2020-2059",142.6425,0,0,0,0.11,0.095,84.8875
"39",13,"Jan","2060-2099",123.71,0,0,0,0.0475,0.225,85.3375
"40",14,"Jan","1980-2019",153.565,0,0,0,0,0.035,83.6475
"41",14,"Jan","2020-2059",144.085,0,0,0,0,0,84.8875
"42",14,"Jan","2060-2099",125.295,0,0,0,0.02,0.415,85.3925
"43",15,"Jan","1980-2019",155.5425,0,0,0,0,0,83.6475
"44",15,"Jan","2020-2059",146.5425,0,0,0,0.0675,0.255,84.9175
"45",15,"Jan","2060-2099",126.165,0,0,0,0.2525,0.7075,85.5625
"46",16,"Jan","1980-2019",157.7625,0,0,0,0.0525,0.1025,83.6475
"47",16,"Jan","2020-2059",148.13,0,0,0,0,0,84.9175
"48",16,"Jan","2060-2099",128.24,0,0,0,0,0,85.5625
"49",17,"Jan","1980-2019",159.785,0,0,0,0,0,83.6475
"50",17,"Jan","2020-2059",150.445,0,0,0,0,0,84.9175
"51",17,"Jan","2060-2099",131.055,0,0,0,0.37,0.37,85.5625
"52",18,"Jan","1980-2019",161.3875,0,0,0,0.12,0.12,83.6475
"53",18,"Jan","2020-2059",152.5425,0,0,0,0,0,84.9175
"54",18,"Jan","2060-2099",132.955,0,0,0,0.01,0.5025,85.5625
"55",19,"Jan","1980-2019",163.345,0,0,0,0.0675,0.1275,83.6475
"56",19,"Jan","2020-2059",154.375,0,0,0,0,0,84.9175
"57",19,"Jan","2060-2099",134.825,0,0,0,0.025,0.84,85.5625
"58",20,"Jan","1980-2019",164.7075,0,0,0,0.0925,0.3075,83.6475
"59",20,"Jan","2020-2059",155.93,0,0,0,0.01,0.0475,84.9175
"60",20,"Jan","2060-2099",136.5175,0,0,0,0.29,0.94,85.5625
"61",21,"Jan","1980-2019",165.925,0,0,0,0,0,83.6475
"62",21,"Jan","2020-2059",158.3975,0,0,0,0.0525,0.19,84.9175
"63",21,"Jan","2060-2099",139.8675,0,0,0,0.315,0.315,85.5625
"64",22,"Jan","1980-2019",168.13,0,0,0,0,0,83.6475
"65",22,"Jan","2020-2059",159.7,0,0,0,0.0625,0.26,84.9175
"66",22,"Jan","2060-2099",142.1775,0,0,0,0.0975,0.0975,85.5625
"67",23,"Jan","1980-2019",170.53,0,0,0,0.0075,0.045,83.6475
"68",23,"Jan","2020-2059",161.045,0,0,0,0.085,0.0675,85.02
"69",23,"Jan","2060-2099",143.575,0,0,0,0.0175,0.4175,85.5675
"70",24,"Jan","1980-2019",171.8725,0,0,0,0,0.03,83.6475
"71",24,"Jan","2020-2059",162.665,0,0,0,0.0675,0.505,85.035
"72",24,"Jan","2060-2099",145.0175,0,0,0,0,0.315,85.5675
"73",25,"Jan","1980-2019",173.4875,0,0,0,0.01,0.01,83.6475
"74",25,"Jan","2020-2059",163.67,0,0,0,0.0775,0.6975,85.035
"75",25,"Jan","2060-2099",146.2675,0.01,0,0.01,0,0.1675,85.5675
"76",26,"Jan","1980-2019",174.37,0,0,0,0.035,0.4125,83.6475
"77",26,"Jan","2020-2059",165.5575,0,0,0,0.08,0.12,85.035
"78",26,"Jan","2060-2099",147.96,0,0,0,0.0575,0.0575,85.5675
"79",27,"Jan","1980-2019",175.675,0,0,0,0.1375,0.4325,83.6475
"80",27,"Jan","2020-2059",166.815,0,0,0,0.0625,0.2575,85.035
"81",27,"Jan","2060-2099",149.285,0,0,0,0.02,0.3,85.5675
"82",28,"Jan","1980-2019",177.4875,0,0,0,0,0,83.6475
"83",28,"Jan","2020-2059",168.9775,0,0,0,0.0275,0.125,85.035
"84",28,"Jan","2060-2099",150.81,0.0075,0,0.0075,0.5775,0.8725,85.5675
"85",29,"Jan","1980-2019",179.33,0,0,0,0,0.01,83.6475
"86",29,"Jan","2020-2059",170.9975,0,0,0,0.0075,0.095,85.035
"87",29,"Jan","2060-2099",152.13,0,0,0,0.135,0.3775,85.6075
"88",30,"Jan","1980-2019",181.2925,0,0,0,0,0,83.6475
"89",30,"Jan","2020-2059",173.2625,0,0,0,0,0,85.035
"90",30,"Jan","2060-2099",153.4125,0,0,0,0.1075,0.32,85.6075
"91",31,"Jan","1980-2019",182.9675,0,0,0,0,0,83.665
"92",31,"Jan","2020-2059",175.965,0,0,0,0.015,0,85.0475
"93",31,"Jan","2060-2099",155.755,0,0,0,0.05,0.05,85.6075
"94",32,"Feb","1980-2019",184.7375,0,0,0,0.0925,0.0925,83.665
"95",32,"Feb","2020-2059",179.02,0,0,0,0.005,0.005,85.0475
"96",32,"Feb","2060-2099",158.5975,0,0,0,0,0,85.6075
"97",33,"Feb","1980-2019",186.4925,0,0,0,0.185,0.3525,83.665
"98",33,"Feb","2020-2059",181.3025,0,0,0,0,0,85.0475
"99",33,"Feb","2060-2099",161.0125,0,0,0,0.07,0.185,85.6075
"100",34,"Feb","1980-2019",188.015,0,0,0,0.0525,0.3175,83.665
"101",34,"Feb","2020-2059",183.0875,0,0,0,0,0,85.0475
"102",34,"Feb","2060-2099",163.7375,0,0,0,0.35,0.3725,85.6075
"103",35,"Feb","1980-2019",189.1975,0,0,0,0.5525,0.785,83.665
"104",35,"Feb","2020-2059",186.135,0,0,0,0.0875,0.13,85.0475
"105",35,"Feb","2060-2099",165.4775,0,0,0,0.035,0.3175,85.6075
"106",36,"Feb","1980-2019",190.03,0,0,0,0.36,0.655,83.665
"107",36,"Feb","2020-2059",188.14,0,0,0,0.05,0.5825,85.0475
"108",36,"Feb","2060-2099",167.43,0,0,0,0,0.295,85.6075
"109",37,"Feb","1980-2019",190.4325,0,0,0,0.1325,0.8125,83.665
"110",37,"Feb","2020-2059",189.32,0,0,0,0.055,0.8575,85.0475
"111",37,"Feb","2060-2099",170.0225,0,0,0,0.1775,0.555,85.6075
"112",38,"Feb","1980-2019",192.4525,0,0,0,0.2275,0.475,83.665
"113",38,"Feb","2020-2059",190.5125,0,0,0,0.0975,0.79,85.0475
"114",38,"Feb","2060-2099",172.3275,0,0,0,0.2625,0.6775,85.6075
"115",39,"Feb","1980-2019",194.075,0,0,0,0.2725,0.555,83.665
"116",39,"Feb","2020-2059",191.855,0,0,0,0.0225,0.435,85.0475
"117",39,"Feb","2060-2099",174.415,0,0,0,0.2275,0.245,85.6075
"118",40,"Feb","1980-2019",196.135,0,0,0,0.2425,0.545,83.665
"119",40,"Feb","2020-2059",193.3625,0,0,0,0.13,0.13,85.0475
"120",40,"Feb","2060-2099",176.3,0,0,0,0.0575,0.1675,85.6075
"121",41,"Feb","1980-2019",197.4,0,0,0,0.0325,0.2025,83.665
"122",41,"Feb","2020-2059",195.27,0,0,0,0,0,85.0475
"123",41,"Feb","2060-2099",178.43,0,0,0,0.185,0.34,85.6075
"124",42,"Feb","1980-2019",199.1025,0,0,0,0,0,83.665
"125",42,"Feb","2020-2059",196.495,0,0,0,0.21,0.235,85.0475
"126",42,"Feb","2060-2099",179.64,0,0,0,0.1825,0.6725,85.6075
"127",43,"Feb","1980-2019",200.705,0,0,0,0,0.215,83.665
"128",43,"Feb","2020-2059",196.6675,0,0,0,0.0675,1.3825,85.0475
"129",43,"Feb","2060-2099",182.3975,0,0,0,0.635,1.3925,85.6075
"130",44,"Feb","1980-2019",204.22,0,0,0,0.0775,0.305,83.665
"131",44,"Feb","2020-2059",197.2325,0,0,0,0.08,1.0525,85.0475
"132",44,"Feb","2060-2099",183.225,0,0,0,0.205,0.76,86.03
"133",45,"Feb","1980-2019",206.34,0,0,0,0.1175,0.5825,83.665
"134",45,"Feb","2020-2059",197.6825,0,0,0,0.2975,1.455,85.0475
"135",45,"Feb","2060-2099",183.1975,0,0,0,0.3125,1.5575,86.03
"136",46,"Feb","1980-2019",208.0325,0,0,0,0.055,0.2925,83.665
"137",46,"Feb","2020-2059",198.9025,0,0,0,0.065,0.9325,85.0475
"138",46,"Feb","2060-2099",183.9875,0,0,0,0.6375,1.2125,86.03
"139",47,"Feb","1980-2019",209.69,0,0,0,0.1025,0.4775,83.665
"140",47,"Feb","2020-2059",201.1025,0,0,0,0.2,0.2325,85.0475
"141",47,"Feb","2060-2099",185.77,0,0,0,0.3425,0.6325,86.095
"142",48,"Feb","1980-2019",211.7325,0,0,0,0,0.29,83.665
"143",48,"Feb","2020-2059",202.3075,0,0,0,0,0.165,85.095
"144",48,"Feb","2060-2099",186.965,0,0,0,0.33,1.31,86.095
"145",49,"Feb","1980-2019",214.1,0,0,0,0.0675,0.4075,83.7225
"146",49,"Feb","2020-2059",203.76,0,0,0,0.0075,0.0775,85.095
"147",49,"Feb","2060-2099",188.84,0,0,0,0.2225,1.3075,86.095
"148",50,"Feb","1980-2019",215.6875,0,0,0,0.26,0.5075,83.7225
"149",50,"Feb","2020-2059",206.665,0,0,0,0.135,0.4675,85.095
"150",50,"Feb","2060-2099",189.6225,0,0,0,0.28,1.155,86.365
"151",51,"Feb","1980-2019",217.7175,0,0,0,0.0875,0.0875,83.7225
"152",51,"Feb","2020-2059",209.0375,0,0,0,0.3275,0.4025,85.095
"153",51,"Feb","2060-2099",190.25,0,0,0,0.2275,1.725,86.4175
"154",52,"Feb","1980-2019",219.84,0,0,0,0.1025,0.42,83.7225
"155",52,"Feb","2020-2059",211.29,0,0,0,0.2375,0.4325,85.095
"156",52,"Feb","2060-2099",191.1825,0,0,0,0.2,0.895,86.8025
"157",53,"Feb","1980-2019",222.6125,0,0,0,0.07,0.07,83.7225
"158",53,"Feb","2020-2059",213.2375,0,0,0,0.165,0.465,85.095
"159",53,"Feb","2060-2099",193.315,0,0,0,0.135,0.445,87.045
"160",54,"Feb","1980-2019",224.26,0,0,0,0.0325,0.0325,83.7225
"161",54,"Feb","2020-2059",215.195,0,0,0,0.0475,0.3825,85.095
"162",54,"Feb","2060-2099",195.66,0,0,0,0.25,0.8025,87.1
"163",55,"Feb","1980-2019",226.51,0,0,0,0,0.065,83.7225
"164",55,"Feb","2020-2059",216.8025,0,0,0,0.1925,0.74,85.095
"165",55,"Feb","2060-2099",198.1,0,0,0,0.5475,1.035,87.1
"166",56,"Feb","1980-2019",227.715,0,0,0,0.01,0.335,83.7225
"167",56,"Feb","2020-2059",217.33,0,0,0,0.185,0.5575,85.265
"168",56,"Feb","2060-2099",200.095,0,0,0,0.3425,0.565,87.1
"169",57,"Feb","1980-2019",229.095,0,0,0,0,0,83.7225
"170",57,"Feb","2020-2059",217.805,0,0,0,0.6225,1.41,85.3125
"171",57,"Feb","2060-2099",202.9025,0,0,0,0.4125,0.5475,87.1
"172",58,"Feb","1980-2019",230.0425,0,0,0,0.01,0.015,83.975
"173",58,"Feb","2020-2059",219.47,0,0,0,0.0625,0.4725,85.3125
"174",58,"Feb","2060-2099",205.5025,0,0,0,0.4625,1.015,87.1
"175",59,"Feb","1980-2019",230.605,0,0,0,0.1125,0.5725,84.165
"176",59,"Feb","2020-2059",220.95,0,0,0,0.08,0.3325,85.3125
"177",59,"Feb","2060-2099",206.7425,0,0,0,0.72,1.785,87.1
"178",60,"Feb","1980-2019",232.0575,0,0,0,0,0.235,84.225
"179",60,"Feb","2020-2059",222.855,0,0,0,0.3275,0.8175,85.3125
"180",60,"Feb","2060-2099",208.045,0,0,0,0.3425,0.9125,87.1
"181",60,"Mar","1980-2019",232.0575,0,0,0,0,0.235,84.225
"182",60,"Mar","2020-2059",222.855,0,0,0,0.3275,0.8175,85.3125
"183",60,"Mar","2060-2099",208.045,0,0,0,0.3425,0.9125,87.1
"184",61,"Mar","1980-2019",233.1525,0,0,0,0.0175,0.4375,84.4
"185",61,"Mar","2020-2059",223.9225,0,0,0,0.335,0.7325,85.3125
"186",61,"Mar","2060-2099",209.24,0,0,0,0.8975,1.2525,87.59
"187",62,"Mar","1980-2019",235.0725,0,0,0,0.2975,0.515,84.635
"188",62,"Mar","2020-2059",223.015,0,0,0,0.7375,2.3125,85.4025
"189",62,"Mar","2060-2099",208.68,0,0,0,0.435,1.985,87.595
"190",63,"Mar","1980-2019",236.4675,0,0,0,0.12,0.49,84.8875
"191",63,"Mar","2020-2059",222.4525,0,0,0,0.5825,2.5625,85.6325
"192",63,"Mar","2060-2099",208.47,0,0,0,0.5975,1.825,87.785
"193",64,"Mar","1980-2019",238.245,0,0,0,0.03,0.7475,85.0875
"194",64,"Mar","2020-2059",223.545,0,0,0,0.3025,1.22,85.6325
"195",64,"Mar","2060-2099",208.605,0,0,0,0.275,1.485,87.785
"196",65,"Mar","1980-2019",238.965,0,0,0,0.185,1.315,85.16
"197",65,"Mar","2020-2059",224.595,0,0,0,0.245,0.9,85.6325
"198",65,"Mar","2060-2099",208.6075,0,0,0,0.535,2.1,87.785
"199",66,"Mar","1980-2019",239.51,0,0,0,0.215,1.385,85.16
"200",66,"Mar","2020-2059",225.355,0,0,0,0.125,0.6525,85.6325
"201",66,"Mar","2060-2099",208.39,0,0,0,0.4425,1.6175,87.785
"202",67,"Mar","1980-2019",242.2125,0,0,0,0.37,0.4825,85.16
"203",67,"Mar","2020-2059",225.3225,0,0,0,0.08,1.6925,85.6325
"204",67,"Mar","2060-2099",207.45,0,0,0,0.565,2.37,87.8225
"205",68,"Mar","1980-2019",242.2025,0,0,0,0.2425,0.7725,85.78
"206",68,"Mar","2020-2059",225.26,0,0,0,0.0525,1.625,85.6325
"207",68,"Mar","2060-2099",208.39,0,0,0,1.6875,2.9925,88.15
"208",69,"Mar","1980-2019",242.415,0,0,0,0.425,0.8575,86.4825
"209",69,"Mar","2020-2059",224.67,0,0,0,0.31,1.68,86.18
"210",69,"Mar","2060-2099",208.1125,0,0,0,0.53,2.59,88.2625
"211",70,"Mar","1980-2019",241.4075,0,0,0,0.52,2.1225,86.92
"212",70,"Mar","2020-2059",223.8975,0,0,0,0.63,2.35,86.18
"213",70,"Mar","2060-2099",208.33,0,0,0,0.4175,0.9975,88.385
"214",71,"Mar","1980-2019",240.69,0,0,0,0.12,1.7925,86.9775
"215",71,"Mar","2020-2059",224.5825,0,0,0,0.7225,1.5375,86.18
"216",71,"Mar","2060-2099",206.1575,0,0,0,0.8525,3.6275,88.47
"217",72,"Mar","1980-2019",239.7375,0,0,0,0.27,1.9875,87.1625
"218",72,"Mar","2020-2059",224.855,0,0,0,0.76,2.0475,86.18
"219",72,"Mar","2060-2099",204.635,0,0,0,0.6925,3.45,88.5025
"220",73,"Mar","1980-2019",238.7525,0,0,0,0.4525,2.08,87.495
"221",73,"Mar","2020-2059",223.83,0,0,0,0.825,2.94,86.18
"222",73,"Mar","2060-2099",203.24,0,0,0,0.6675,4.3325,88.5025
"223",74,"Mar","1980-2019",238.6,0.03,0,0.03,0.6875,2.51,87.6125
"224",74,"Mar","2020-2059",222.0325,0,0,0,0.96,3.9375,86.3975
"225",74,"Mar","2060-2099",199.8475,0,0,0,0.9375,5.26,88.6775
"226",75,"Mar","1980-2019",238.565,0,0,0,0.675,2.33,87.635
"227",75,"Mar","2020-2059",220.7275,0,0,0,1.02,3.9375,86.4025
"228",75,"Mar","2060-2099",197.9475,0,0,0,1.31,4.1575,88.77
"229",76,"Mar","1980-2019",238.89,0.0225,0,0.0225,0.3925,1.7975,87.6225
"230",76,"Mar","2020-2059",220.735,0,0,0,0.3525,1.26,86.5475
"231",76,"Mar","2060-2099",196.1575,0,0,0,0.505,4.1525,88.7975
"232",77,"Mar","1980-2019",238.2725,0.015,0,0.015,0.26,1.9125,87.8275
"233",77,"Mar","2020-2059",220.7625,0,0,0,0.2075,1.46,86.5475
"234",77,"Mar","2060-2099",194.6175,0.02,0,0.02,0.645,3.4275,89
"235",78,"Mar","1980-2019",237.8575,0.015,0,0.015,0.2625,1.84,88.1
"236",78,"Mar","2020-2059",221.5175,0.0125,0,0.0125,0.79,1.97,86.83
"237",78,"Mar","2060-2099",194,0.0275,0,0.0275,0.73,2.94,88.995
"238",79,"Mar","1980-2019",236.7825,0.02,0,0.0225,0.49,3.0625,88.115
"239",79,"Mar","2020-2059",222.8475,0.0125,0,0.0125,0.575,1.3425,86.8475
"240",79,"Mar","2060-2099",193.6825,0.0275,0,0.0275,0.645,2.78,88.9975
"241",80,"Mar","1980-2019",235.9675,0.0225,0,0.0225,0.2625,2.1525,88.1375
"242",80,"Mar","2020-2059",223.975,0.015,0,0.015,0.7775,1.8425,86.8325
"243",80,"Mar","2060-2099",193.52,0,0,0,0.8775,2.5075,88.9975
"244",81,"Mar","1980-2019",235.0325,0.0175,0,0.02,0.4925,2.8225,88.255
"245",81,"Mar","2020-2059",225.1875,0.015,0,0.015,0.3725,1.4,86.8175
"246",81,"Mar","2060-2099",193.95,0,0,0,0.5275,2.415,88.9975
"247",82,"Mar","1980-2019",233.7575,0,0,0,0.3425,2.9475,88.285
"248",82,"Mar","2020-2059",224.59,0,0,0,0.445,2.125,87.055
"249",82,"Mar","2060-2099",193.7425,0.015,0,0.015,0.98,2.495,88.9975
"250",83,"Mar","1980-2019",232.475,0,0,0,0.5075,3.51,88.285
"251",83,"Mar","2020-2059",225.055,0,0,0,0.245,1.545,87.055
"252",83,"Mar","2060-2099",194.3175,0.0275,0,0.0275,0.9175,2.5,88.9975
"253",84,"Mar","1980-2019",231.5475,0.0225,0,0.0225,0.4925,3.1375,88.285
"254",84,"Mar","2020-2059",225.4525,0,0,0,0.5625,2.2325,87.055
"255",84,"Mar","2060-2099",193.465,0,0,0,0.7725,3.4175,88.9975
"256",85,"Mar","1980-2019",231.025,0,0,0,0.4825,2.6575,88.3575
"257",85,"Mar","2020-2059",225.785,0,0,0,0.68,2.2425,87.055
"258",85,"Mar","2060-2099",192.2675,0.0375,0,0.0375,0.5075,3.2675,88.9975
"259",86,"Mar","1980-2019",231.0675,0.06,0,0.06,0.35,2.38,88.4175
"260",86,"Mar","2020-2059",226.975,0,0,0,0.5375,1.5725,87.055
"261",86,"Mar","2060-2099",190.725,0.0325,0,0.0325,0.76,3.985,88.9975
"262",87,"Mar","1980-2019",231.8025,0.025,0,0.025,0.175,1.595,88.395
"263",87,"Mar","2020-2059",227.8775,0,0,0,0.555,1.2825,87.1575
"264",87,"Mar","2060-2099",188.79,0,0,0,0.64,3.985,88.9975
"265",88,"Mar","1980-2019",232.315,0.0175,0,0.0175,1.0075,2.3225,88.3775
"266",88,"Mar","2020-2059",229.225,0,0,0,0.2575,1.14,87.2025
"267",88,"Mar","2060-2099",187.755,0,0,0,1.1825,3.56,88.9975
"268",89,"Mar","1980-2019",233.9,0.025,0,0.0275,0.1575,1.155,88.3525
"269",89,"Mar","2020-2059",229.49,0,0,0,0.44,1.9075,87.2025
"270",89,"Mar","2060-2099",188.6575,0.0325,0,0.0325,0.885,2.12,88.9975
"271",90,"Mar","1980-2019",234.0375,0.03,0,0.0325,0.4775,2.0275,88.32
"272",90,"Mar","2020-2059",229.34,0,0,0,0.4475,1.675,87.6
"273",90,"Mar","2060-2099",187.085,0,0,0,1.0125,4.0475,88.9975
"274",91,"Mar","1980-2019",232.8575,0,0,0,0.5925,3.405,88.3275
"275",91,"Mar","2020-2059",228.19,0,0,0,0.41,2.19,87.955
"276",91,"Mar","2060-2099",184.5225,0,0,0,0.92,4.4825,88.9975
"277",91,"Apr","1980-2019",232.8575,0,0,0,0.5925,3.405,88.3275
"278",91,"Apr","2020-2059",228.19,0,0,0,0.41,2.19,87.955
"279",91,"Apr","2060-2099",184.5225,0,0,0,0.92,4.4825,88.9975
"280",92,"Apr","1980-2019",233.7375,0.03,0,0.03,0.575,1.9525,88.3125
"281",92,"Apr","2020-2059",226.295,0,0,0,0.785,3.3225,88.015
"282",92,"Apr","2060-2099",182.795,0,0,0,1.395,4.12,88.9975
"283",93,"Apr","1980-2019",232.6875,0.025,0,0.025,0.2225,2.4675,88.2875
"284",93,"Apr","2020-2059",223.8225,0,0,0,0.3975,3.625,88.015
"285",93,"Apr","2060-2099",180.03,0,0,0,1.625,5.8,88.9975
"286",94,"Apr","1980-2019",230.53,0,0,0,0.4975,4.0875,88.415
"287",94,"Apr","2020-2059",221.9675,0,0,0,0.4025,3.76,88.11
"288",94,"Apr","2060-2099",177.1225,0.0175,0,0.0175,1.4325,5.485,88.9975
"289",95,"Apr","1980-2019",227.5025,0,0,0,1.005,5.2075,88.445
"290",95,"Apr","2020-2059",219.42,0,0,0,0.39,3.585,88.4225
"291",95,"Apr","2060-2099",175.6925,0.02,0,0.02,0.9375,3.365,88.9775
"292",96,"Apr","1980-2019",226.1025,0,0,0,0.5325,3.5075,88.4525
"293",96,"Apr","2020-2059",214.91,0,0,0,0.79,6,88.4225
"294",96,"Apr","2060-2099",172.67,0.0325,0,0.0325,0.9275,5.275,88.9975
"295",97,"Apr","1980-2019",224.2375,0,0,0,0.8475,4.2775,88.5275
"296",97,"Apr","2020-2059",213.4475,0.0175,0,0.0175,1.135,4.6125,88.4225
"297",97,"Apr","2060-2099",170.5225,0,0,0,1.3075,4.7525,88.9975
"298",98,"Apr","1980-2019",221.9175,0,0,0,1.0925,4.665,88.9275
"299",98,"Apr","2020-2059",211.7375,0,0,0,0.8925,4.83,88.4225
"300",98,"Apr","2060-2099",166.8875,0,0,0,0.8225,5.6125,88.9975
"301",99,"Apr","1980-2019",220.935,0.0375,0,0.0375,1.02,4.145,88.9275
"302",99,"Apr","2020-2059",208.2825,0,0,0,1,5.6175,88.4225
"303",99,"Apr","2060-2099",161.7925,0.035,0,0.035,1.3075,7.3,88.9975
"304",100,"Apr","1980-2019",218.3725,0.035,0,0.035,1.085,4.81,89
"305",100,"Apr","2020-2059",205.2975,0,0,0,0.9125,5.2175,88.6125
"306",100,"Apr","2060-2099",157.4175,0.0575,0,0.0575,1.515,7.0575,88.975
"307",101,"Apr","1980-2019",214.06,0.03,0,0.03,1.135,6.705,88.9725
"308",101,"Apr","2020-2059",202.4175,0,0,0,0.715,5.2275,88.97
"309",101,"Apr","2060-2099",153.13,0.0325,0,0.0325,2.355,7.5175,88.955
"310",102,"Apr","1980-2019",209.925,0.03,0,0.03,0.52,5.9125,88.9425
"311",102,"Apr","2020-2059",198.605,0,0,0,1.3925,6.045,88.9925
"312",102,"Apr","2060-2099",150.385,0,0,0,2.0075,6.0925,88.9975
"313",103,"Apr","1980-2019",204.8675,0.06,0.0025,0.0625,0.3125,6.66,88.905
"314",103,"Apr","2020-2059",195.035,0.025,0,0.025,1.415,5.74,88.9925
"315",103,"Apr","2060-2099",146.185,0.0325,0,0.0325,1.295,6.3125,88.9975
"316",104,"Apr","1980-2019",199.17,0.0375,0,0.0375,1.2225,7.8425,88.905
"317",104,"Apr","2020-2059",190.9575,0.04,0,0.04,1.3825,6.3275,88.975
"318",104,"Apr","2060-2099",139.735,0.095,0,0.095,1.64,8.425,88.9875
"319",105,"Apr","1980-2019",192.8025,0.0575,0,0.06,0.9775,8.685,88.885
"320",105,"Apr","2020-2059",186.865,0.035,0,0.035,1.5075,6.08,88.9925
"321",105,"Apr","2060-2099",132.3225,0.0375,0,0.0375,1.825,9.7475,88.9675
"322",106,"Apr","1980-2019",186.14,0.05,0,0.05,0.775,8.4875,88.8725
"323",106,"Apr","2020-2059",181.2125,0,0,0,1.14,7.445,88.9925
"324",106,"Apr","2060-2099",122.8125,0.0575,0,0.06,1.17,11.07,88.925
"325",107,"Apr","1980-2019",178.3825,0.0675,0,0.0675,0.445,9.3075,88.8525
"326",107,"Apr","2020-2059",173.4925,0.035,0,0.035,1.03,9.535,88.9925
"327",107,"Apr","2060-2099",114.2525,0.18,0,0.1825,1.2525,9.79,88.94
"328",108,"Apr","1980-2019",170.85,0.1,0,0.1,1.4675,9.81,88.9025
"329",108,"Apr","2020-2059",167.2825,0.0525,0,0.0525,0.8375,7.7625,88.9775
"330",108,"Apr","2060-2099",105.865,0.145,0,0.1475,1.91,10.6175,88.8625
"331",109,"Apr","1980-2019",163.7375,0.055,0,0.055,0.8775,9.58,88.9175
"332",109,"Apr","2020-2059",161.96,0.0725,0,0.075,0.9625,7.445,88.905
"333",109,"Apr","2060-2099",99.49,0.15,0,0.1525,1.54,8.875,88.7725
"334",110,"Apr","1980-2019",155.1,0.0675,0,0.0675,1.56,10.7625,88.88
"335",110,"Apr","2020-2059",154.215,0.165,0,0.165,1.395,9.67,88.815
"336",110,"Apr","2060-2099",91.77,0.225,0,0.225,2.3925,10.3425,88.92
"337",111,"Apr","1980-2019",147.115,0.1425,0,0.1425,1.0425,10.13,88.865
"338",111,"Apr","2020-2059",147.9725,0.0925,0.0025,0.0975,1.615,8.725,88.7525
"339",111,"Apr","2060-2099",86.205,0.245,0,0.245,1.635,8.2525,88.8825
"340",112,"Apr","1980-2019",137.7825,0.315,0.0025,0.3225,0.88,10.8225,88.695
"341",112,"Apr","2020-2059",139.8,0.1625,0,0.1625,1.47,10.3975,88.9325
"342",112,"Apr","2060-2099",79.6825,0.3325,0,0.3325,1.765,8.54,88.8675
"343",113,"Apr","1980-2019",131.13,0.2275,0.005,0.23,1.04,8.8975,88.5175
"344",113,"Apr","2020-2059",132.01,0.1625,0,0.1625,1.7325,10.5725,88.87
"345",113,"Apr","2060-2099",72.63,0.305,0,0.3075,2.0175,9.52,88.885
"346",114,"Apr","1980-2019",126.145,0.1625,0.0025,0.1625,1.52,7.135,88.7025
"347",114,"Apr","2020-2059",126.1325,0.14,0,0.14,1.2375,8.4975,88.9
"348",114,"Apr","2060-2099",66.9475,0.275,0,0.275,2.15,8.94,88.795
"349",115,"Apr","1980-2019",122.9925,0.1925,0.0025,0.195,1.5675,6.2275,88.6175
"350",115,"Apr","2020-2059",120,0.1575,0,0.1575,1.145,8.345,88.8675
"351",115,"Apr","2060-2099",62.085,0.2,0.005,0.2025,1.71,7.42,88.7325
"352",116,"Apr","1980-2019",119.9125,0.12,0.005,0.1275,1.34,6.115,88.6375
"353",116,"Apr","2020-2059",112.43,0.13,0.0025,0.13,1.215,9.885,88.7725
"354",116,"Apr","2060-2099",55.885,0.2725,0.005,0.2775,1.49,8.8725,88.615
"355",117,"Apr","1980-2019",115.0675,0.2,0.005,0.205,1.0025,6.67,88.6675
"356",117,"Apr","2020-2059",102.75,0.1675,0.0025,0.1725,1.7275,11.7075,88.7425
"357",117,"Apr","2060-2099",49.445,0.395,0,0.395,1.795,8.075,88.6925
"358",118,"Apr","1980-2019",111.9525,0.3425,0.0075,0.3525,0.9175,5.5775,88.51
"359",118,"Apr","2020-2059",94.9625,0.2075,0,0.2075,1.245,9.6,88.71
"360",118,"Apr","2060-2099",44.3875,0.4975,0,0.4975,1.73,6.61,88.65
"361",119,"Apr","1980-2019",109.545,0.435,0.0075,0.445,0.9475,4.6725,88.28
"362",119,"Apr","2020-2059",86.8675,0.295,0,0.295,2.3325,10.4375,88.665
"363",119,"Apr","2060-2099",41.2025,0.3925,0,0.3975,2.815,6.2625,88.6675
"364",120,"Apr","1980-2019",108.37,0.295,0.005,0.3,1.2225,3.3,88.235
"365",120,"Apr","2020-2059",79.605,0.3075,0.0025,0.315,1.7425,9.615,88.69
"366",120,"Apr","2060-2099",37.2975,0.3775,0.0025,0.3825,2.73,7.38,88.515
"367",121,"Apr","1980-2019",106.5675,0.335,0.0025,0.345,0.945,3.5875,88.2
"368",121,"Apr","2020-2059",76.245,0.2525,0.0025,0.255,1.645,5.8,88.56
"369",121,"Apr","2060-2099",32.9725,0.5825,0.005,0.595,1.75,6.3175,88.3675
"370",121,"May","1980-2019",106.5675,0.335,0.0025,0.345,0.945,3.5875,88.2
"371",121,"May","2020-2059",76.245,0.2525,0.0025,0.255,1.645,5.8,88.56
"372",121,"May","2060-2099",32.9725,0.5825,0.005,0.595,1.75,6.3175,88.3675
"373",122,"May","1980-2019",103.3225,0.34,0.005,0.3475,0.64,4.88,88.03
"374",122,"May","2020-2059",73.0875,0.3075,0,0.31,1.4825,5.1625,88.53
"375",122,"May","2060-2099",30.55,0.4825,0.0075,0.4875,1.4775,3.9725,88.2975
"376",123,"May","1980-2019",99.7325,0.335,0.005,0.34,1.22,5.2225,88.0375
"377",123,"May","2020-2059",69.1425,0.355,0.0025,0.3575,1.7175,5.76,88.5125
"378",123,"May","2060-2099",27.7275,0.405,0.0075,0.4075,2.18,5.3825,88.215
"379",124,"May","1980-2019",95.1125,0.375,0.01,0.385,1.1475,5.87,87.915
"380",124,"May","2020-2059",65.105,0.2825,0.0025,0.2925,1.3525,6.13,88.42
"381",124,"May","2060-2099",25.85,0.4075,0.0025,0.42,2.375,5.505,88.2225
"382",125,"May","1980-2019",89.595,0.515,0.0175,0.5325,1.35,7.2375,87.63
"383",125,"May","2020-2059",61.36,0.2825,0.005,0.29,1.65,6.19,88.32
"384",125,"May","2060-2099",23.6225,0.3475,0.0075,0.36,1.8625,5.1125,88.3525
"385",126,"May","1980-2019",84.4875,0.6075,0.025,0.63,1.765,7.865,87.3075
"386",126,"May","2020-2059",60.77,0.3,0.0025,0.3075,1.705,3.645,88.375
"387",126,"May","2060-2099",20.18,0.4425,0.0025,0.4425,2.26,5.7025,88.4475
"388",127,"May","1980-2019",81.0475,0.4625,0.0275,0.49,1.99,6.595,87.255
"389",127,"May","2020-2059",57.8325,0.275,0.0025,0.2775,2.195,5.73,88.3975
"390",127,"May","2060-2099",17.2925,0.8425,0.005,0.85,2.0925,4.8275,88.445
"391",128,"May","1980-2019",77.9125,0.4775,0.025,0.5075,2.1825,6.7025,87.0725
"392",128,"May","2020-2059",54.6325,0.38,0,0.38,2.1725,5.8325,88.41
"393",128,"May","2060-2099",14.4725,0.68,0.0025,0.6875,1.585,4.425,88.2075
"394",129,"May","1980-2019",73.8675,0.555,0.025,0.5825,2.32,6.3075,87.015
"395",129,"May","2020-2059",50.23,0.43,0.005,0.435,2.4075,6.9575,88.4275
"396",129,"May","2060-2099",13.05,0.9175,0.01,0.9275,2.0225,3.4525,88.125
"397",130,"May","1980-2019",69.9075,0.375,0.025,0.4025,2.1,6.635,87.0375
"398",130,"May","2020-2059",43.525,0.3125,0.0075,0.3225,2.1975,8.85,88.4025
"399",130,"May","2060-2099",12.4275,0.895,0.01,0.9075,2.3375,3.295,87.8925
"400",131,"May","1980-2019",65.725,0.42,0.03,0.4525,1.355,6.78,86.8375
"401",131,"May","2020-2059",36.1475,0.4375,0,0.4375,2.8,10.0475,88.4925
"402",131,"May","2060-2099",10.7275,0.9225,0.01,0.94,2.22,3.715,87.78
"403",132,"May","1980-2019",61.21,0.5775,0.015,0.5925,1.69,6.27,87.06
"404",132,"May","2020-2059",31.9,0.5525,0,0.5575,2.7325,7.365,88.535
"405",132,"May","2060-2099",10.1825,0.7775,0.015,0.7975,1.625,2.125,87.58
"406",133,"May","1980-2019",56.0325,0.5825,0.03,0.615,1.3725,6.9975,86.845
"407",133,"May","2020-2059",27.8575,0.4975,0.005,0.5025,2.4875,6.785,88.3675
"408",133,"May","2060-2099",9.055,1.07,0.01,1.0875,2.08,2.7775,87.3575
"409",134,"May","1980-2019",48.815,0.6575,0.04,0.69,0.955,8.6575,86.5
"410",134,"May","2020-2059",23.915,0.7275,0.01,0.7375,3.21,7.07,88.145
"411",134,"May","2060-2099",8.51,0.7575,0.0125,0.7725,3.3275,3.0975,87.9225
"412",135,"May","1980-2019",42.0225,0.83,0.03,0.865,2.4625,8.95,86.42
"413",135,"May","2020-2059",21.28,0.6975,0.005,0.705,2.6875,4.9475,88.3225
"414",135,"May","2060-2099",8.07,0.82,0.0125,0.835,2.965,3.2725,88.0675
"415",136,"May","1980-2019",35.725,0.78,0.0175,0.8,2.4575,8.34,86.495
"416",136,"May","2020-2059",17.86,0.9175,0.0025,0.92,2.4675,5.315,88.345
"417",136,"May","2060-2099",5.2,1.285,0.0125,1.305,2.5775,4.455,87.935
"418",137,"May","1980-2019",30.02,0.6375,0.0225,0.66,2.98,8.6325,86.7425
"419",137,"May","2020-2059",14.7075,0.9775,0.0075,0.99,2.635,5.1025,88.215
"420",137,"May","2060-2099",3.3025,1.5375,0.02,1.5575,2.5775,3.63,87.4075
"421",138,"May","1980-2019",24.5525,0.7875,0.0175,0.8075,2.2875,7.3125,86.74
"422",138,"May","2020-2059",11.07,1.0775,0.0125,1.095,1.52,4.805,87.7675
"423",138,"May","2060-2099",2.1675,1.5025,0.0375,1.535,2.3525,2.65,86.9
"424",139,"May","1980-2019",20.7875,1.185,0.03,1.22,3.0875,5.7925,86.8925
"425",139,"May","2020-2059",9.25,1.1725,0.02,1.1975,2.17,3.395,87.59
"426",139,"May","2060-2099",1.7125,1.4375,0.0275,1.465,3.575,2.99,86.825
"427",140,"May","1980-2019",18.8375,1.2,0.0175,1.2175,1.4075,2.545,86.6025
"428",140,"May","2020-2059",8.255,1.24,0.025,1.2675,2.8425,3.29,87.2025
"429",140,"May","2060-2099",0.9875,1.225,0.0325,1.255,3.4025,3.2975,86.695
"430",141,"May","1980-2019",16.475,1.1275,0.03,1.1575,2.1875,3.725,86.45
"431",141,"May","2020-2059",7.1275,1.1675,0.025,1.1975,2.8275,3.3675,87.0275
"432",141,"May","2060-2099",0.65,1.3425,0.0375,1.38,2.3775,2.0225,86.4925
"433",142,"May","1980-2019",14.345,1.18,0.0275,1.2125,2.18,3.9425,86.2925
"434",142,"May","2020-2059",6.4875,1.18,0.03,1.215,3.685,3.815,86.8425
"435",142,"May","2060-2099",0.0975,1.52,0.0475,1.5625,2.5325,1.9875,86.105
"436",143,"May","1980-2019",11.685,1.115,0.025,1.1425,2.82,4.5425,86.3975
"437",143,"May","2020-2059",6.135,1.315,0.0225,1.3425,4.1425,3.9325,86.8825
"438",143,"May","2060-2099",0.2075,1.6525,0.035,1.685,2.795,1.7425,85.595
"439",144,"May","1980-2019",10.845,1.2,0.0325,1.235,3.2725,3.6275,86.21
"440",144,"May","2020-2059",5.7325,1.3375,0.0175,1.3475,3.3225,3.01,86.8325
"441",144,"May","2060-2099",0.6075,1.63,0.04,1.6775,2.605,1.5225,85.085
"442",145,"May","1980-2019",10.155,1.35,0.04,1.4025,2.085,2.2175,85.9375
"443",145,"May","2020-2059",4.6425,1.5625,0.02,1.58,2.2625,2.155,86.72
"444",145,"May","2060-2099",0.2275,1.6225,0.05,1.6725,2.5125,1.8325,84.6025
"445",146,"May","1980-2019",9.8125,1.375,0.0575,1.4325,2.4525,2.085,85.6075
"446",146,"May","2020-2059",4.0525,1.815,0.0175,1.83,3.16,2.2775,86.5
"447",146,"May","2060-2099",0.4625,1.5175,0.045,1.56,3.3075,1.96,84.615
"448",147,"May","1980-2019",10.0175,1.3875,0.0525,1.4425,4.165,3.5175,85.735
"449",147,"May","2020-2059",3.2125,1.6925,0.0275,1.7225,2.7325,2.3,86.1825
"450",147,"May","2060-2099",0.095,1.765,0.0675,1.8375,3.4275,1.8225,84.8875
"451",148,"May","1980-2019",10.2625,1.3225,0.08,1.4025,2.3625,2.26,85.3225
"452",148,"May","2020-2059",2.3475,1.8825,0.0225,1.9125,3.285,2.48,86.0825
"453",148,"May","2060-2099",0.2,1.8125,0.0675,1.8775,2.66,1.1775,84.64
"454",149,"May","1980-2019",10.085,1.3925,0.055,1.4575,2.64,2.1,85.04
"455",149,"May","2020-2059",1.065,1.67,0.0325,1.705,3.6725,2.9825,86.4175
"456",149,"May","2060-2099",0.5375,2.015,0.09,2.1075,2.665,1.3775,84.025
"457",150,"May","1980-2019",10.0575,1.2725,0.06,1.33,2.2825,1.31,85.135
"458",150,"May","2020-2059",0.655,1.835,0.05,1.8875,3.79,3.115,85.835
"459",150,"May","2060-2099",0.2325,1.9375,0.1,2.04,4.12,2.5825,83.95
"460",151,"May","1980-2019",9.8225,1.24,0.0575,1.3,2.2725,1.4075,85.175
"461",151,"May","2020-2059",0.4225,1.44,0.055,1.495,2.855,1.9425,85.7275
"462",151,"May","2060-2099",1.0575,1.68,0.0725,1.7475,4.5525,2.7325,84.305
"463",152,"May","1980-2019",9.04,1.345,0.0375,1.3925,2.2125,2.3425,84.7225
"464",152,"May","2020-2059",0.28,1.4925,0.045,1.5425,3.4225,2.3425,85.6425
"465",152,"May","2060-2099",0.8075,1.4575,0.0675,1.5325,5.1425,3.64,84.7175
"466",152,"Jun","1980-2019",9.04,1.345,0.0375,1.3925,2.2125,2.3425,84.7225
"467",152,"Jun","2020-2059",0.28,1.4925,0.045,1.5425,3.4225,2.3425,85.6425
"468",152,"Jun","2060-2099",0.8075,1.4575,0.0675,1.5325,5.1425,3.64,84.7175
"469",153,"Jun","1980-2019",8.5575,1.385,0.0425,1.4375,2.28,1.52,84.6175
"470",153,"Jun","2020-2059",0.55,1.46,0.0425,1.5075,2.785,1.56,85.5375
"471",153,"Jun","2060-2099",0.5625,1.44,0.095,1.53,3.19,2.5475,84.5825
"472",154,"Jun","1980-2019",8.75,1.475,0.0625,1.5325,2.545,1.175,84.6875
"473",154,"Jun","2020-2059",0.525,1.525,0.06,1.59,2.4575,1.6325,85.0175
"474",154,"Jun","2060-2099",0.3925,1.5225,0.0625,1.585,2.6725,1.7075,84.4725
"475",155,"Jun","1980-2019",8.1925,1.5075,0.0575,1.5725,1.985,1.71,84.2475
"476",155,"Jun","2020-2059",0.7725,1.4475,0.0525,1.4975,2.7775,1.735,84.7075
"477",155,"Jun","2060-2099",0.2425,1.7225,0.0675,1.8,2.3375,1.3325,84.1125
"478",156,"Jun","1980-2019",7.085,1.7075,0.08,1.79,2.445,2.3775,83.8625
"479",156,"Jun","2020-2059",0.5925,1.4,0.0625,1.4675,2.685,1.75,84.5175
"480",156,"Jun","2060-2099",0.0425,1.8675,0.065,1.9375,2.7075,1.4675,83.71
"481",157,"Jun","1980-2019",5.945,1.655,0.0725,1.7225,3.4525,2.86,84.16
"482",157,"Jun","2020-2059",0.63,1.6,0.055,1.6525,2.9275,1.79,84.36
"483",157,"Jun","2060-2099",0.185,1.8125,0.0875,1.9025,2.2725,1.195,82.9875
"484",158,"Jun","1980-2019",6.1975,1.3725,0.075,1.4475,3.7025,2.8675,84.0875
"485",158,"Jun","2020-2059",0.12,1.89,0.0525,1.9475,2.5325,1.315,84.1925
"486",158,"Jun","2060-2099",0.41,1.85,0.105,1.9425,3.1275,1.415,83.03
"487",159,"Jun","1980-2019",6.145,1.3825,0.0975,1.475,3.79,3.3225,83.995
"488",159,"Jun","2020-2059",0.1875,1.8775,0.0625,1.94,2.39,1.0025,83.8
"489",159,"Jun","2060-2099",0.3125,1.7,0.1325,1.835,1.87,0.69,82.6675
"490",160,"Jun","1980-2019",5.475,1.515,0.1,1.615,2.07,2.095,83.3375
"491",160,"Jun","2020-2059",0.3575,2.07,0.095,2.165,2.2475,0.805,83.315
"492",160,"Jun","2060-2099",0.4525,1.84,0.125,1.975,2.4575,1.0725,82.3875
"493",161,"Jun","1980-2019",4.5725,1.675,0.0875,1.7625,2.2575,1.715,83.385
"494",161,"Jun","2020-2059",0.155,1.9,0.0975,2.005,2.335,1.0475,82.9725
"495",161,"Jun","2060-2099",0.0375,2.03,0.1375,2.1625,1.9625,1.015,81.7375
"496",162,"Jun","1980-2019",3.81,1.6725,0.1075,1.79,2.085,2.085,82.6925
"497",162,"Jun","2020-2059",0.19,2.0825,0.1025,2.19,3.03,1.1775,82.795
"498",162,"Jun","2060-2099",0.0075,2.08,0.1825,2.265,2.6975,1.1375,81.26
"499",163,"Jun","1980-2019",3.6825,1.6375,0.11,1.745,1.8975,1.6375,82.195
"500",163,"Jun","2020-2059",0.0625,2.045,0.115,2.1625,2.425,1.13,82.215
"501",163,"Jun","2060-2099",0.0075,2.1725,0.1775,2.355,2.6675,1.145,80.605
"502",164,"Jun","1980-2019",3.7125,1.63,0.1175,1.7475,2.7475,2.04,82.245
"503",164,"Jun","2020-2059",0.07,2.125,0.115,2.2425,2.5725,0.9775,81.74
"504",164,"Jun","2060-2099",0.2675,2.04,0.1275,2.165,2.5725,1.0525,80.095
"505",165,"Jun","1980-2019",2.275,1.5475,0.075,1.63,2.7825,2.555,82.5525
"506",165,"Jun","2020-2059",0.0025,2.205,0.11,2.32,2.3075,0.74,81.17
"507",165,"Jun","2060-2099",0.01,2.195,0.2125,2.4125,2.035,0.9625,79.2125
"508",166,"Jun","1980-2019",0.9475,1.86,0.07,1.9325,3.2425,2.355,82.94
"509",166,"Jun","2020-2059",0,2.2625,0.1325,2.405,2.0975,0.695,80.3075
"510",166,"Jun","2060-2099",0,2.29,0.215,2.5025,2.0375,0.445,78.5325
"511",167,"Jun","1980-2019",0.795,1.8525,0.085,1.9325,4.6625,2.645,83.485
"512",167,"Jun","2020-2059",0.17,2.2725,0.1375,2.4175,1.73,0.0975,79.6675
"513",167,"Jun","2060-2099",0.03,2.19,0.2275,2.4125,2.485,0.99,77.83
"514",168,"Jun","1980-2019",0.61,1.72,0.125,1.84,1.8925,1.33,82.625
"515",168,"Jun","2020-2059",0.1675,2.2475,0.1725,2.4275,2.13,0.7675,78.935
"516",168,"Jun","2060-2099",0.1375,2.1375,0.245,2.3875,2.205,0.655,77.265
"517",169,"Jun","1980-2019",0.1725,1.8375,0.155,1.9925,2.3175,1.62,82.0275
"518",169,"Jun","2020-2059",0,2.3275,0.2075,2.53,1.6075,0.5975,77.785
"519",169,"Jun","2060-2099",0.0475,2.1425,0.255,2.41,2.0725,0.67,76.6525
"520",170,"Jun","1980-2019",0.0475,2.11,0.15,2.2625,1.7075,0.9825,80.8225
"521",170,"Jun","2020-2059",0,2.4875,0.1725,2.6725,1.675,0.0275,76.925
"522",170,"Jun","2060-2099",0.0475,2.1625,0.2725,2.43,1.925,0.7625,75.6575
"523",171,"Jun","1980-2019",0.04,1.9325,0.155,2.0925,1.4125,0.58,79.77
"524",171,"Jun","2020-2059",0.0075,2.355,0.2175,2.565,2.2625,0.2225,76.6225
"525",171,"Jun","2060-2099",0.04,2.2525,0.34,2.595,1.5,0.5,74.46
"526",172,"Jun","1980-2019",0.085,1.9875,0.1625,2.155,1.28,0.4175,78.655
"527",172,"Jun","2020-2059",0,2.4075,0.19,2.5975,1.7725,0.045,75.9475
"528",172,"Jun","2060-2099",0,2.24,0.3925,2.625,1.0175,0.2125,73.075
"529",173,"Jun","1980-2019",0.065,2.0125,0.1625,2.1825,1.835,0.105,78.4175
"530",173,"Jun","2020-2059",0,2.4025,0.26,2.665,1.35,0.0325,74.8575
"531",173,"Jun","2060-2099",0,2.2525,0.45,2.7,0.99,0.16,71.645
"532",174,"Jun","1980-2019",0.015,2.1175,0.215,2.3325,1.425,0.15,77.65
"533",174,"Jun","2020-2059",0.0025,2.32,0.2825,2.595,1.3925,0.0125,73.925
"534",174,"Jun","2060-2099",0.0075,2.325,0.4425,2.76,1.2175,0.1075,70.4325
"535",175,"Jun","1980-2019",0.06,2.125,0.2625,2.3875,1.1725,0.04,76.66
"536",175,"Jun","2020-2059",0,2.365,0.345,2.7,1.495,0.045,73.0225
"537",175,"Jun","2060-2099",0,2.28,0.5225,2.8075,1.1525,0.1225,69.19
"538",176,"Jun","1980-2019",0.105,2.23,0.235,2.4675,1.43,0.0825,75.815
"539",176,"Jun","2020-2059",0,2.37,0.3275,2.6875,1.78,0.0125,72.4225
"540",176,"Jun","2060-2099",0,2.2725,0.5125,2.77,1.07,0.1125,67.8775
"541",177,"Jun","1980-2019",0.0375,2.23,0.2625,2.48,1.89,0.2725,75.2875
"542",177,"Jun","2020-2059",0,2.2975,0.3425,2.6375,2.31,0.4925,71.945
"543",177,"Jun","2060-2099",0,2.34,0.445,2.7825,2.0575,0,67.6
"544",178,"Jun","1980-2019",0.025,2.3125,0.285,2.595,1.45,0.085,74.36
"545",178,"Jun","2020-2059",0.025,2.255,0.3575,2.6225,2.1325,0.8225,70.995
"546",178,"Jun","2060-2099",0,2.32,0.515,2.8275,1.355,0,66.6325
"547",179,"Jun","1980-2019",0.04,2.28,0.3325,2.6225,1.45,0,73.5625
"548",179,"Jun","2020-2059",0,2.3525,0.44,2.79,1.56,0.16,70.07
"549",179,"Jun","2060-2099",0.005,2.16,0.59,2.755,1.1425,0,65.615
"550",180,"Jun","1980-2019",0,2.265,0.395,2.66,1.3275,0.135,72.5225
"551",180,"Jun","2020-2059",0.0025,2.1825,0.425,2.615,1.3325,0.02,69.19
"552",180,"Jun","2060-2099",0.005,2.3125,0.5625,2.8725,1.0025,0,64.32
"553",181,"Jun","1980-2019",0,2.25,0.495,2.735,0.8975,0.205,70.97
"554",181,"Jun","2020-2059",0.0025,2.2625,0.4525,2.6975,1.065,0,67.9925
"555",181,"Jun","2060-2099",0,2.3825,0.64,3.02,1.8375,0,63.7775
"556",182,"Jun","1980-2019",0,2.3025,0.4625,2.7675,1.1075,0.0775,69.7
"557",182,"Jun","2020-2059",0,2.37,0.485,2.865,1.3375,0,66.9675
"558",182,"Jun","2060-2099",0,2.3375,0.64,2.9675,2.57,0.6325,63.38
"559",182,"Jul","1980-2019",0,2.3025,0.4625,2.7675,1.1075,0.0775,69.7
"560",182,"Jul","2020-2059",0,2.37,0.485,2.865,1.3375,0,66.9675
"561",182,"Jul","2060-2099",0,2.3375,0.64,2.9675,2.57,0.6325,63.38
"562",183,"Jul","1980-2019",0,2.1975,0.54,2.7475,1.1375,0.05,68.585
"563",183,"Jul","2020-2059",0,2.375,0.515,2.895,1.155,0,65.7425
"564",183,"Jul","2060-2099",0,2.3875,0.6525,3.0475,2.205,0.325,62.86
"565",184,"Jul","1980-2019",0.005,2.16,0.5275,2.705,1.24,0.0875,67.57
"566",184,"Jul","2020-2059",0,2.285,0.5975,2.8925,1.13,0.0275,64.5575
"567",184,"Jul","2060-2099",0.0125,2.26,0.67,2.93,1.8575,0,62.46
"568",185,"Jul","1980-2019",0.04,2.2125,0.55,2.7525,1.4,0.2,66.56
"569",185,"Jul","2020-2059",0,2.32,0.5925,2.9275,1.35,0.0025,63.5825
"570",185,"Jul","2060-2099",0,2.26,0.77,3.0275,1.1475,0,61.365
"571",186,"Jul","1980-2019",0.0475,2.2325,0.525,2.755,1.545,0.2225,65.645
"572",186,"Jul","2020-2059",0,2.3475,0.635,2.9875,1.3125,0,62.54
"573",186,"Jul","2060-2099",0,2.265,0.8225,3.0875,1.225,0,60.32
"574",187,"Jul","1980-2019",0.01,2.195,0.6075,2.8,1.2075,0.18,64.5325
"575",187,"Jul","2020-2059",0,2.305,0.6325,2.9325,1.46,0.0825,61.62
"576",187,"Jul","2060-2099",0,2.2725,0.9,3.175,0.7175,0,58.77
"577",188,"Jul","1980-2019",0,2.1875,0.62,2.805,0.9475,0.0175,63.2825
"578",188,"Jul","2020-2059",0,2.1825,0.695,2.8725,0.9775,0.0625,60.355
"579",188,"Jul","2060-2099",0,2.415,0.845,3.255,1.425,0,57.7725
"580",189,"Jul","1980-2019",0,2.2575,0.525,2.795,1.4225,0,62.4525
"581",189,"Jul","2020-2059",0,2.15,0.7825,2.9225,0.7925,0.03,58.9775
"582",189,"Jul","2060-2099",0,2.3325,0.8475,3.17,1.065,0,56.515
"583",190,"Jul","1980-2019",0,2.305,0.4925,2.8025,2.33,0.04,62.4275
"584",190,"Jul","2020-2059",0,2.0625,0.795,2.8725,1.0225,0,57.93
"585",190,"Jul","2060-2099",0,2.2925,0.82,3.12,1.275,0,55.49
"586",191,"Jul","1980-2019",0,2.2075,0.6125,2.81,1.98,0.1,62.105
"587",191,"Jul","2020-2059",0,1.9525,0.8375,2.785,1.9975,0.31,57.67
"588",191,"Jul","2060-2099",0,2.07,0.99,3.0575,0.885,0,54.31
"589",192,"Jul","1980-2019",0.0025,2.1375,0.605,2.735,1.5625,0,61.5425
"590",192,"Jul","2020-2059",0,1.8875,0.8475,2.7375,0.965,0.2525,56.49
"591",192,"Jul","2060-2099",0,2.03,1.035,3.07,0.735,0,53.0175
"592",193,"Jul","1980-2019",0.0275,2.025,0.7075,2.73,1.1925,0,60.7025
"593",193,"Jul","2020-2059",0,2.0625,0.905,2.97,0.9075,0,55.325
"594",193,"Jul","2060-2099",0,2.07,1.11,3.18,0.6975,0,51.645
"595",194,"Jul","1980-2019",0,2.065,0.8025,2.8625,0.83,0.045,59.4525
"596",194,"Jul","2020-2059",0,1.995,0.9225,2.9275,0.95,0,54.2825
"597",194,"Jul","2060-2099",0,2.005,1.1975,3.2075,0.72,0,50.355
"598",195,"Jul","1980-2019",0,2.075,0.7975,2.8775,0.9175,0.0325,58.2625
"599",195,"Jul","2020-2059",0,1.9925,0.915,2.915,1.195,0,53.4675
"600",195,"Jul","2060-2099",0,1.9425,1.285,3.2275,0.6,0,49.02
"601",196,"Jul","1980-2019",0,2.1025,0.7925,2.8925,0.9625,0,57.1375
"602",196,"Jul","2020-2059",0,2.105,0.855,2.9725,1.7325,0,53.095
"603",196,"Jul","2060-2099",0,2.1125,1.1125,3.215,1.1525,0,48.06
"604",197,"Jul","1980-2019",0,2.1075,0.77,2.885,1.0025,0,56.0325
"605",197,"Jul","2020-2059",0,2.19,0.8075,2.9975,1.455,0.015,52.355
"606",197,"Jul","2060-2099",0,2.2125,1.03,3.235,1.585,0,47.45
"607",198,"Jul","1980-2019",0,2.035,0.7775,2.8025,1.3825,0,55.3775
"608",198,"Jul","2020-2059",0,2.215,0.8,3.0125,1.5275,0,51.6625
"609",198,"Jul","2060-2099",0,1.99,1.1375,3.14,1.195,0,46.6375
"610",199,"Jul","1980-2019",0,2.0575,0.785,2.85,1.2125,0,54.525
"611",199,"Jul","2020-2059",0,2.1925,0.835,3.0225,1.3975,0,50.8775
"612",199,"Jul","2060-2099",0,2.04,1.1075,3.1675,1.1025,0,45.71
"613",200,"Jul","1980-2019",0,2.07,0.795,2.8625,1.355,0,53.805
"614",200,"Jul","2020-2059",0,2.0475,0.965,3.015,1.3125,0,50.13
"615",200,"Jul","2060-2099",0,1.9875,1.085,3.07,0.995,0,44.7125
"616",201,"Jul","1980-2019",0,1.8625,0.98,2.85,0.78,0,52.725
"617",201,"Jul","2020-2059",0,2.115,0.925,3.0475,1.49,0,49.515
"618",201,"Jul","2060-2099",0,1.8375,1.2625,3.09,0.7325,0,43.6175
"619",202,"Jul","1980-2019",0,1.8525,0.97,2.8175,1.03,0.015,51.8875
"620",202,"Jul","2020-2059",0,1.96,1.045,3.005,1.2275,0.035,48.74
"621",202,"Jul","2060-2099",0,2.0425,1.0975,3.1475,1.16,0,42.7325
"622",203,"Jul","1980-2019",0,1.91,0.99,2.8875,1.42,0.09,51.31
"623",203,"Jul","2020-2059",0,1.9425,1.0625,3.005,1.0575,0,47.855
"624",203,"Jul","2060-2099",0,1.9725,1.115,3.0875,1.16,0,41.92
"625",204,"Jul","1980-2019",0,1.9975,0.8925,2.8975,2.0575,0,51.36
"626",204,"Jul","2020-2059",0,1.9525,1.0775,3.03,1.1075,0.0375,46.9575
"627",204,"Jul","2060-2099",0,1.855,1.2325,3.1,1.0125,0,41.08
"628",205,"Jul","1980-2019",0,1.9375,0.915,2.8575,1.5425,0.24,50.72
"629",205,"Jul","2020-2059",0,1.8425,1.1325,2.985,0.835,0,45.9625
"630",205,"Jul","2060-2099",0,1.865,1.3175,3.1925,1.0375,0,40.2425
"631",206,"Jul","1980-2019",0,2.0125,0.7575,2.7775,1.935,0,50.645
"632",206,"Jul","2020-2059",0,1.9025,1.075,2.9825,0.8975,0,44.9475
"633",206,"Jul","2060-2099",0,1.8125,1.365,3.1775,1.155,0,39.5825
"634",207,"Jul","1980-2019",0,1.8825,0.875,2.75,1.2325,0.075,49.92
"635",207,"Jul","2020-2059",0,1.8775,1.05,2.9325,0.925,0,43.98
"636",207,"Jul","2060-2099",0,1.6525,1.53,3.175,0.7225,0,38.6525
"637",208,"Jul","1980-2019",0,1.8925,0.8825,2.7775,1.05,0,49.0775
"638",208,"Jul","2020-2059",0,1.7225,1.1825,2.91,0.7075,0,42.9575
"639",208,"Jul","2060-2099",0,1.59,1.53,3.1125,0.4975,0,37.56
"640",209,"Jul","1980-2019",0,1.845,0.95,2.7975,1.425,0,48.655
"641",209,"Jul","2020-2059",0,1.8325,1.125,2.9625,0.9225,0,42.06
"642",209,"Jul","2060-2099",0,1.5675,1.5825,3.155,0.5275,0,36.52
"643",210,"Jul","1980-2019",0,1.8175,0.9825,2.7975,1.3625,0,48.2075
"644",210,"Jul","2020-2059",0,1.85,1.115,2.9675,1.0025,0,41.2
"645",210,"Jul","2060-2099",0,1.645,1.4875,3.145,0.995,0,35.87
"646",211,"Jul","1980-2019",0,1.8725,0.915,2.7775,1.365,0,47.7025
"647",211,"Jul","2020-2059",0,1.665,1.2225,2.8775,0.88,0,40.44
"648",211,"Jul","2060-2099",0,1.6275,1.45,3.0725,0.88,0,35.1325
"649",212,"Jul","1980-2019",0,1.795,0.9725,2.7575,0.8,0,46.705
"650",212,"Jul","2020-2059",0,1.7325,1.1025,2.84,1.1475,0,39.8525
"651",212,"Jul","2060-2099",0,1.505,1.535,3.0375,0.5725,0,34.2075
"652",213,"Jul","1980-2019",0,1.7475,1.0025,2.76,1.22,0,46.1675
"653",213,"Jul","2020-2059",0,1.6025,1.21,2.8225,0.77,0,39.01
"654",213,"Jul","2060-2099",0,1.415,1.6775,3.095,0.4075,0,33.2025
"655",213,"Aug","1980-2019",0,1.7475,1.0025,2.76,1.22,0,46.1675
"656",213,"Aug","2020-2059",0,1.6025,1.21,2.8225,0.77,0,39.01
"657",213,"Aug","2060-2099",0,1.415,1.6775,3.095,0.4075,0,33.2025
"658",214,"Aug","1980-2019",0,1.7875,0.9375,2.7375,1.0175,0,45.385
"659",214,"Aug","2020-2059",0,1.7575,1.1125,2.8625,1.215,0,38.47
"660",214,"Aug","2060-2099",0,1.5425,1.4975,3.06,0.785,0,32.435
"661",215,"Aug","1980-2019",0,1.715,0.9475,2.6625,0.8275,0,44.5025
"662",215,"Aug","2020-2059",0,1.7675,1.0575,2.8375,1.8325,0,38.5275
"663",215,"Aug","2060-2099",0,1.5275,1.4475,2.965,0.7425,0,31.655
"664",216,"Aug","1980-2019",0,1.6175,0.9725,2.595,0.7375,0,43.62
"665",216,"Aug","2020-2059",0,1.6225,1.1425,2.765,0.9775,0,37.885
"666",216,"Aug","2060-2099",0,1.4175,1.5125,2.935,0.65,0,30.89
"667",217,"Aug","1980-2019",0,1.6675,0.9175,2.565,1.315,0,43.27
"668",217,"Aug","2020-2059",0,1.555,1.28,2.84,0.9175,0,37.2475
"669",217,"Aug","2060-2099",0,1.4625,1.525,2.9975,0.9475,0,30.365
"670",218,"Aug","1980-2019",0,1.625,1.025,2.64,1.055,0,42.7125
"671",218,"Aug","2020-2059",0,1.5825,1.3,2.87,0.98,0,36.6475
"672",218,"Aug","2060-2099",0,1.295,1.6875,2.9675,0.76,0,29.8375
"673",219,"Aug","1980-2019",0,1.5475,1.1475,2.6875,0.61,0,41.7825
"674",219,"Aug","2020-2059",0,1.58,1.25,2.82,0.9325,0,36.01
"675",219,"Aug","2060-2099",0,1.32,1.7475,3.06,0.6525,0,29.16
"676",220,"Aug","1980-2019",0,1.6,0.945,2.535,1.37,0,41.54
"677",220,"Aug","2020-2059",0,1.3575,1.365,2.73,0.6325,0,35.28
"678",220,"Aug","2060-2099",0,1.34,1.59,2.9325,0.6825,0,28.4975
"679",221,"Aug","1980-2019",0,1.575,0.915,2.4875,1.1,0,41.0725
"680",221,"Aug","2020-2059",0,1.46,1.2925,2.7575,0.7575,0,34.5725
"681",221,"Aug","2060-2099",0,1.11,1.7075,2.82,0.435,0,27.815
"682",222,"Aug","1980-2019",0,1.5125,1.1075,2.625,0.905,0,40.4775
"683",222,"Aug","2020-2059",0,1.29,1.4625,2.7425,0.405,0,33.7025
"684",222,"Aug","2060-2099",0,1.1875,1.6975,2.895,0.485,0,27.105
"685",223,"Aug","1980-2019",0,1.57,1,2.5775,1.1525,0,40.0525
"686",223,"Aug","2020-2059",0,1.3475,1.3525,2.695,0.8025,0,33.155
"687",223,"Aug","2060-2099",0,1.135,1.735,2.8725,0.42,0,26.3925
"688",224,"Aug","1980-2019",0.0425,1.3575,1.0475,2.4125,0.91,0,39.6075
"689",224,"Aug","2020-2059",0,1.335,1.3725,2.7,1.0625,0,32.8975
"690",224,"Aug","2060-2099",0,1.1025,1.7925,2.89,0.385,0,25.6775
"691",225,"Aug","1980-2019",0.005,1.415,0.935,2.36,1.0075,0,39.24
"692",225,"Aug","2020-2059",0,1.3525,1.3325,2.68,1.33,0,32.8825
"693",225,"Aug","2060-2099",0,1.195,1.66,2.8625,0.7,0,25.1675
"694",226,"Aug","1980-2019",0,1.255,1.185,2.44,0.515,0,38.495
"695",226,"Aug","2020-2059",0,1.3975,1.225,2.6125,1.2575,0,32.7375
"696",226,"Aug","2060-2099",0,1.1825,1.5575,2.7375,0.61,0,24.5975
"697",227,"Aug","1980-2019",0,1.3775,1.045,2.425,0.845,0,37.955
"698",227,"Aug","2020-2059",0,1.32,1.1975,2.525,1.015,0,32.43
"699",227,"Aug","2060-2099",0,1.14,1.6175,2.7475,0.7225,0,24.1875
"700",228,"Aug","1980-2019",0.0075,1.3575,0.9525,2.3075,1.0775,0,37.6825
"701",228,"Aug","2020-2059",0,1.3875,1.1,2.495,1.13,0,32.185
"702",228,"Aug","2060-2099",0,1.115,1.615,2.7375,0.905,0,23.9775
"703",229,"Aug","1980-2019",0,1.305,0.9675,2.27,1.4175,0,37.795
"704",229,"Aug","2020-2059",0,1.315,1.1425,2.4575,1.2275,0,32.0875
"705",229,"Aug","2060-2099",0,1.38,1.2975,2.6825,1.3075,0,23.9
"706",230,"Aug","1980-2019",0,1.3825,0.9075,2.2875,1.5225,0,37.9325
"707",230,"Aug","2020-2059",0,1.245,1.1725,2.4175,1.0025,0,31.85
"708",230,"Aug","2060-2099",0,1.18,1.4975,2.6825,0.755,0,23.475
"709",231,"Aug","1980-2019",0,1.3575,0.955,2.315,1.2675,0,37.8475
"710",231,"Aug","2020-2059",0,1.25,1.2325,2.48,0.795,0,31.3975
"711",231,"Aug","2060-2099",0,1.3025,1.365,2.6725,1.2175,0,23.3875
"712",232,"Aug","1980-2019",0,1.2625,1.0425,2.3025,0.9475,0,37.5175
"713",232,"Aug","2020-2059",0,1.1325,1.3175,2.4475,0.875,0,31.1525
"714",232,"Aug","2060-2099",0,1.225,1.3875,2.605,1.2525,0,23.42
"715",233,"Aug","1980-2019",0,1.4275,0.8925,2.315,1.4025,0,37.495
"716",233,"Aug","2020-2059",0,1.28,1.1425,2.4275,1.3,0,31.155
"717",233,"Aug","2060-2099",0,1.3375,1.21,2.5525,1.205,0,23.29
"718",234,"Aug","1980-2019",0,1.31,0.89,2.205,1.09,0,37.28
"719",234,"Aug","2020-2059",0,1.2225,1.1725,2.405,1.505,0,31.445
"720",234,"Aug","2060-2099",0,1.1,1.39,2.485,0.81,0,22.995
"721",235,"Aug","1980-2019",0,1.2825,0.87,2.1525,1.3825,0,37.385
"722",235,"Aug","2020-2059",0,1.15,1.19,2.3425,1.1325,0,31.44
"723",235,"Aug","2060-2099",0,0.905,1.5475,2.4575,0.4025,0,22.47
"724",236,"Aug","1980-2019",0.035,1.105,0.925,2.025,1.255,0,37.535
"725",236,"Aug","2020-2059",0,1.2,1.155,2.365,0.8875,0,31.115
"726",236,"Aug","2060-2099",0,0.9825,1.4575,2.4475,0.6175,0,22.12
"727",237,"Aug","1980-2019",0.0175,1.165,0.9425,2.125,1.0475,0,37.455
"728",237,"Aug","2020-2059",0,1.28,1.04,2.3175,1.35,0,31.1775
"729",237,"Aug","2060-2099",0,0.99,1.415,2.4,0.795,0,21.9175
"730",238,"Aug","1980-2019",0.0025,1.28,0.87,2.15,1.3575,0,37.555
"731",238,"Aug","2020-2059",0,1.2325,1.0225,2.265,1.005,0,30.955
"732",238,"Aug","2060-2099",0,0.9725,1.4125,2.395,0.565,0,21.505
"733",239,"Aug","1980-2019",0.155,1.1925,0.8575,2.05,1.365,0,37.7275
"734",239,"Aug","2020-2059",0,0.97,1.265,2.225,0.505,0,30.49
"735",239,"Aug","2060-2099",0,0.79,1.5825,2.3725,0.345,0,21.0725
"736",240,"Aug","1980-2019",0.0025,1.19,0.865,2.0575,0.97,0,37.655
"737",240,"Aug","2020-2059",0,1.065,1.08,2.145,0.64,0,30.0625
"738",240,"Aug","2060-2099",0,0.8825,1.4375,2.32,0.8675,0,21.0575
"739",241,"Aug","1980-2019",0,1.195,0.92,2.115,0.6425,0,37.11
"740",241,"Aug","2020-2059",0,1.0775,1.12,2.195,0.715,0,29.7075
"741",241,"Aug","2060-2099",0,0.9125,1.355,2.2625,1.7325,0,21.885
"742",242,"Aug","1980-2019",0,1.0675,0.965,2.025,1.06,0,37.1175
"743",242,"Aug","2020-2059",0,1.155,0.9775,2.135,0.9725,0,29.53
"744",242,"Aug","2060-2099",0,0.8875,1.355,2.245,0.52,0,21.5075
"745",243,"Aug","1980-2019",0.0225,0.9825,0.875,1.85,0.88,0,37.01
"746",243,"Aug","2020-2059",0.01,1.145,0.88,2.0275,2.5625,0,30.9375
"747",243,"Aug","2060-2099",0,1.0075,1.22,2.22,0.9375,0,21.4425
"748",244,"Aug","1980-2019",0.0025,1.0375,0.8875,1.9325,0.855,0.0975,36.75
"749",244,"Aug","2020-2059",0,1.245,0.7425,1.9875,2.475,0,32.18
"750",244,"Aug","2060-2099",0,1.04,1.0925,2.1275,1.3575,0,21.75
"751",244,"Sep","1980-2019",0.0025,1.0375,0.8875,1.9325,0.855,0.0975,36.75
"752",244,"Sep","2020-2059",0,1.245,0.7425,1.9875,2.475,0,32.18
"753",244,"Sep","2060-2099",0,1.04,1.0925,2.1275,1.3575,0,21.75
"754",245,"Sep","1980-2019",0,1.105,0.825,1.9225,1.61,0,37.2575
"755",245,"Sep","2020-2059",0,1.045,0.905,1.96,1.4175,0,32.5425
"756",245,"Sep","2060-2099",0,0.8975,1.2,2.0925,0.825,0,21.68
"757",246,"Sep","1980-2019",0.0075,1.0225,0.8475,1.8625,0.8,0,37.0425
"758",246,"Sep","2020-2059",0,1.0875,0.81,1.8975,1.83,0,33.3
"759",246,"Sep","2060-2099",0,0.8525,1.195,2.04,0.7375,0,21.5725
"760",247,"Sep","1980-2019",0.03,1.06,0.74,1.8025,1.24,0.03,37.2
"761",247,"Sep","2020-2059",0,1.08,0.8125,1.8875,1.78,0,34.0025
"762",247,"Sep","2060-2099",0,0.8925,1.195,2.09,0.65,0,21.3375
"763",248,"Sep","1980-2019",0.01,1.0475,0.7025,1.7375,1.5475,0.0425,37.6825
"764",248,"Sep","2020-2059",0,1.0825,0.7625,1.8475,1.2475,0.02,34.15
"765",248,"Sep","2060-2099",0,0.8725,1.1825,2.0575,0.595,0,21.0625
"766",249,"Sep","1980-2019",0.0675,1.0075,0.605,1.6175,1.3625,0,38.05
"767",249,"Sep","2020-2059",0,1.1875,0.685,1.8775,2.095,0,35.0625
"768",249,"Sep","2060-2099",0.0025,0.9675,0.995,1.9625,1.2575,0,21.3525
"769",250,"Sep","1980-2019",0.3775,0.955,0.545,1.5025,1.7925,0,38.9175
"770",250,"Sep","2020-2059",0,1.0225,0.79,1.8275,1.2025,0,35.2325
"771",250,"Sep","2060-2099",0,0.93,1.0275,1.9575,1.405,0,21.84
"772",251,"Sep","1980-2019",0.2975,1.0025,0.5325,1.535,1.375,0,39.3975
"773",251,"Sep","2020-2059",0,0.9275,0.765,1.6825,1.435,0.03,35.72
"774",251,"Sep","2060-2099",0.0175,0.7075,1.0975,1.815,0.9275,0,22.0575
"775",252,"Sep","1980-2019",0.085,0.88,0.5675,1.4425,1.185,0,39.98
"776",252,"Sep","2020-2059",0.0125,0.9175,0.7675,1.6825,1.3275,0.1625,35.96
"777",252,"Sep","2060-2099",0,0.855,1.0475,1.9,0.8775,0,22.1
"778",253,"Sep","1980-2019",0.2275,0.825,0.485,1.3175,1.4225,0,40.615
"779",253,"Sep","2020-2059",0.0125,0.9225,0.7175,1.6425,1.1,0.0175,36.1475
"780",253,"Sep","2060-2099",0,0.88,0.9975,1.885,1.035,0,22.26
"781",254,"Sep","1980-2019",0.255,0.855,0.48,1.3425,1.375,0,41.3
"782",254,"Sep","2020-2059",0.0625,0.92,0.625,1.5375,1.32,0.0675,36.4725
"783",254,"Sep","2060-2099",0,0.7925,1.0625,1.8525,0.73,0,22.185
"784",255,"Sep","1980-2019",0.55,0.7625,0.5,1.265,1.855,0.1175,42.4
"785",255,"Sep","2020-2059",0.085,0.9775,0.585,1.56,1.5775,0,37.13
"786",255,"Sep","2060-2099",0.0025,0.805,0.9225,1.7275,1.215,0,22.6
"787",256,"Sep","1980-2019",1.0275,0.8975,0.405,1.3,1.4775,0.1625,43.0825
"788",256,"Sep","2020-2059",0.14,0.7925,0.59,1.3825,1.3325,0.0725,37.615
"789",256,"Sep","2060-2099",0,0.75,0.7775,1.52,0.84,0,22.695
"790",257,"Sep","1980-2019",0.93,0.8775,0.3425,1.2275,1.695,0.0775,44.235
"791",257,"Sep","2020-2059",0.3775,0.7425,0.57,1.3175,1.2325,0,38.1275
"792",257,"Sep","2060-2099",0.0525,0.655,0.63,1.295,1.07,0,23.11
"793",258,"Sep","1980-2019",1.2125,0.82,0.4175,1.2575,1.04,0.1225,44.5
"794",258,"Sep","2020-2059",0.1575,0.7975,0.5925,1.3925,0.6925,0,38.255
"795",258,"Sep","2060-2099",0.12,0.6025,0.7175,1.3175,0.9225,0,23.49
"796",259,"Sep","1980-2019",0.8575,0.7325,0.5125,1.2475,0.585,0.17,44.805
"797",259,"Sep","2020-2059",0.025,0.8,0.6275,1.425,1.0275,0,38.6325
"798",259,"Sep","2060-2099",0.2075,0.6075,0.76,1.38,0.61,0,23.485
"799",260,"Sep","1980-2019",0.365,0.705,0.3625,1.07,1.7025,0.365,46.1475
"800",260,"Sep","2020-2059",0.145,0.7425,0.4875,1.2275,1.015,0,38.925
"801",260,"Sep","2060-2099",0.1625,0.5975,0.7075,1.305,1.1325,0,24.22
"802",261,"Sep","1980-2019",0.5375,0.7475,0.3425,1.0925,1.71,0,47.3625
"803",261,"Sep","2020-2059",0.22,0.76,0.44,1.205,1.1375,0,39.36
"804",261,"Sep","2060-2099",0.1075,0.705,0.6725,1.375,1.48,0,25.0875
"805",262,"Sep","1980-2019",0.9525,0.61,0.3475,0.955,1.795,0.135,48.53
"806",262,"Sep","2020-2059",0.455,0.6875,0.4825,1.1725,2.6325,0,41.36
"807",262,"Sep","2060-2099",0.2125,0.555,0.63,1.1775,0.9925,0,25.5925
"808",263,"Sep","1980-2019",1.2225,0.605,0.325,0.9325,1.8125,0.495,49.545
"809",263,"Sep","2020-2059",0.035,0.82,0.39,1.2075,2.225,0.1925,43.0225
"810",263,"Sep","2060-2099",0.475,0.525,0.7425,1.2575,0.835,0,26.005
"811",264,"Sep","1980-2019",1.305,0.51,0.2675,0.7775,1.4725,0.545,50.4175
"812",264,"Sep","2020-2059",0.225,0.77,0.3625,1.1375,1.4825,0.2,43.535
"813",264,"Sep","2060-2099",0.3375,0.6975,0.5875,1.29,1.7775,0,27.2925
"814",265,"Sep","1980-2019",1.315,0.57,0.3125,0.8875,1.065,0.57,50.89
"815",265,"Sep","2020-2059",0.825,0.6925,0.4025,1.1,1.3525,0.12,44.0925
"816",265,"Sep","2060-2099",0.165,0.6075,0.6025,1.21,0.9575,0,27.895
"817",266,"Sep","1980-2019",0.9925,0.5425,0.365,0.9125,0.45,0.46,50.9775
"818",266,"Sep","2020-2059",1.29,0.6625,0.3175,0.975,0.965,0.0825,44.445
"819",266,"Sep","2060-2099",0.1625,0.6175,0.5225,1.145,1.2925,0,28.695
"820",267,"Sep","1980-2019",1.4675,0.5875,0.36,0.96,0.6675,0.32,50.9225
"821",267,"Sep","2020-2059",1.4425,0.555,0.38,0.9425,0.5775,0.0725,44.4575
"822",267,"Sep","2060-2099",0.5975,0.56,0.5675,1.1325,1.3925,0,29.5125
"823",268,"Sep","1980-2019",1.78,0.5725,0.35,0.925,0.8925,0.0275,51.2975
"824",268,"Sep","2020-2059",1.35,0.645,0.345,0.995,0.685,0.0275,44.7075
"825",268,"Sep","2060-2099",0.6,0.545,0.6075,1.1525,0.7325,0,29.96
"826",269,"Sep","1980-2019",1.605,0.5575,0.3,0.8575,0.97,0.2375,52.04
"827",269,"Sep","2020-2059",1.5625,0.57,0.3675,0.9375,0.8725,0,45.0625
"828",269,"Sep","2060-2099",0.6625,0.5825,0.585,1.17,0.4925,0,29.915
"829",270,"Sep","1980-2019",1.815,0.55,0.3525,0.905,0.9725,0.15,52.5925
"830",270,"Sep","2020-2059",1.485,0.595,0.305,0.8975,0.74,0.09,45.4225
"831",270,"Sep","2060-2099",0.7525,0.63,0.5625,1.19,0.58,0,29.8875
"832",271,"Sep","1980-2019",2.45,0.4675,0.3725,0.84,0.545,0.1825,52.505
"833",271,"Sep","2020-2059",0.8925,0.4975,0.3575,0.8575,0.6675,0.015,46.2575
"834",271,"Sep","2060-2099",1.2925,0.6025,0.4675,1.075,1.53,0,30.8225
"835",272,"Sep","1980-2019",1.9425,0.56,0.2975,0.86,1.1175,0.2075,53.51
"836",272,"Sep","2020-2059",0.4375,0.685,0.3225,1.0025,0.6425,0,46.6625
"837",272,"Sep","2060-2099",1.775,0.565,0.295,0.86,1.845,0,32.4225
"838",273,"Sep","1980-2019",2.325,0.435,0.33,0.7725,1.2925,0.52,53.8525
"839",273,"Sep","2020-2059",0.22,0.67,0.2625,0.94,1.6275,0,48.0525
"840",273,"Sep","2060-2099",1.15,0.565,0.375,0.945,1.325,0,34.1
"841",274,"Sep","1980-2019",2.065,0.565,0.2775,0.845,0.8575,0.665,54.3325
"842",274,"Sep","2020-2059",1.2225,0.58,0.27,0.845,1.6825,0.4575,48.7725
"843",274,"Sep","2060-2099",0.73,0.525,0.38,0.895,0.915,0,35.04
"844",274,"Oct","1980-2019",2.065,0.565,0.2775,0.845,0.8575,0.665,54.3325
"845",274,"Oct","2020-2059",1.2225,0.58,0.27,0.845,1.6825,0.4575,48.7725
"846",274,"Oct","2060-2099",0.73,0.525,0.38,0.895,0.915,0,35.04
"847",275,"Oct","1980-2019",2.2325,0.4425,0.2175,0.665,2,0.8625,55.94
"848",275,"Oct","2020-2059",2.165,0.3875,0.2025,0.5925,1.035,0.3625,49.32
"849",275,"Oct","2060-2099",0.9625,0.51,0.3225,0.8425,0.995,0,35.7275
"850",276,"Oct","1980-2019",3.1725,0.3,0.225,0.5275,1.605,0.5125,57.11
"851",276,"Oct","2020-2059",2.095,0.4575,0.2075,0.66,1.2725,0.415,50.0875
"852",276,"Oct","2060-2099",0.4925,0.6175,0.2975,0.91,1.545,0,37.215
"853",277,"Oct","1980-2019",3.2375,0.33,0.185,0.5125,1.425,0.825,58.275
"854",277,"Oct","2020-2059",2.2775,0.4075,0.24,0.645,1.435,0.1675,51.24
"855",277,"Oct","2060-2099",1,0.4775,0.295,0.775,1.28,0,38.08
"856",278,"Oct","1980-2019",2.985,0.3975,0.105,0.505,1.3375,0.515,59.6525
"857",278,"Oct","2020-2059",2.4625,0.6,0.2225,0.8175,1.62,0.4775,52.0575
"858",278,"Oct","2060-2099",0.9825,0.485,0.29,0.7675,1.49,0,39.3525
"859",279,"Oct","1980-2019",2.91,0.36,0.1,0.4625,1.075,0.6525,61.0975
"860",279,"Oct","2020-2059",2.4625,0.5175,0.18,0.7075,1.6375,0.22,53.5425
"861",279,"Oct","2060-2099",1.37,0.5,0.26,0.7625,1.14,0,40.4
"862",280,"Oct","1980-2019",2.755,0.38,0.1175,0.4975,0.9875,0.77,62.1275
"863",280,"Oct","2020-2059",2.425,0.49,0.1725,0.6675,1.815,0.3425,55.19
"864",280,"Oct","2060-2099",0.9825,0.4525,0.265,0.7125,1.135,0.1325,41.59
"865",281,"Oct","1980-2019",3.245,0.36,0.0875,0.4425,0.56,0.095,62.6125
"866",281,"Oct","2020-2059",2.1625,0.385,0.1625,0.54,1.1775,0.715,56.1475
"867",281,"Oct","2060-2099",1.1175,0.3275,0.2475,0.57,0.7825,0.1325,42.1075
"868",282,"Oct","1980-2019",3.795,0.3125,0.11,0.415,0.67,0.4925,62.83
"869",282,"Oct","2020-2059",1.4075,0.3575,0.135,0.4925,0.8375,0.635,56.8175
"870",282,"Oct","2060-2099",1.27,0.3825,0.18,0.56,0.7525,0.075,42.5925
"871",283,"Oct","1980-2019",3.1725,0.3475,0.0875,0.4375,0.7125,0.6,63.8025
"872",283,"Oct","2020-2059",0.5425,0.4025,0.115,0.5175,0.7875,0.76,57.69
"873",283,"Oct","2060-2099",1.18,0.4125,0.0925,0.5025,1.435,0,43.86
"874",284,"Oct","1980-2019",4.01,0.2675,0.085,0.355,0.7475,0.2775,64.535
"875",284,"Oct","2020-2059",1.215,0.46,0.0925,0.555,0.8325,0.085,58.16
"876",284,"Oct","2060-2099",1.0875,0.4275,0.1825,0.6125,1.58,0.015,45.575
"877",285,"Oct","1980-2019",4.97,0.27,0.095,0.3675,0.3275,0.1025,64.8625
"878",285,"Oct","2020-2059",1.0875,0.3775,0.095,0.47,0.945,0.2275,59.0475
"879",285,"Oct","2060-2099",0.79,0.4025,0.1775,0.5775,1.405,0,47.1525
"880",286,"Oct","1980-2019",5.2925,0.24,0.0975,0.34,0.66,0.4725,65.395
"881",286,"Oct","2020-2059",1.6775,0.235,0.075,0.31,0.7525,0.0825,59.58
"882",286,"Oct","2060-2099",0.74,0.3875,0.14,0.5375,1.3075,0,48.3575
"883",287,"Oct","1980-2019",6.0125,0.22,0.0475,0.265,1.065,0.375,66.6225
"884",287,"Oct","2020-2059",1.495,0.26,0.0725,0.325,1.0225,0.1975,60.69
"885",287,"Oct","2060-2099",1.1725,0.355,0.1325,0.485,1.4625,0,49.845
"886",288,"Oct","1980-2019",6.645,0.2575,0.0375,0.2975,0.5975,0.6825,66.9175
"887",288,"Oct","2020-2059",1.425,0.22,0.075,0.295,1.13,0.095,62.0175
"888",288,"Oct","2060-2099",1.25,0.34,0.11,0.455,1.295,0.2675,50.7775
"889",289,"Oct","1980-2019",6.345,0.2025,0.0325,0.2375,0.905,0.9375,68.4875
"890",289,"Oct","2020-2059",1.7175,0.22,0.0775,0.295,1.035,0.4175,62.6325
"891",289,"Oct","2060-2099",2.5575,0.2475,0.08,0.33,1.2475,0.0125,52.03
"892",290,"Oct","1980-2019",5.6875,0.185,0.02,0.205,0.7325,0.6525,69.9675
"893",290,"Oct","2020-2059",2.9675,0.18,0.085,0.2725,0.5425,0.2175,63.155
"894",290,"Oct","2060-2099",2.68,0.23,0.0525,0.28,1.74,0.43,53.635
"895",291,"Oct","1980-2019",6.335,0.2175,0.03,0.2525,0.5025,0.28,70.755
"896",291,"Oct","2020-2059",3.3275,0.1975,0.0625,0.26,0.715,0.5025,63.7925
"897",291,"Oct","2060-2099",3.9275,0.24,0.06,0.295,1.255,0.525,54.6575
"898",292,"Oct","1980-2019",7.785,0.225,0.035,0.2675,0.95,0.4525,71.31
"899",292,"Oct","2020-2059",4.3875,0.215,0.065,0.285,0.6025,0.235,64.1575
"900",292,"Oct","2060-2099",4.5775,0.155,0.0525,0.205,1.405,0.19,56.2575
"901",293,"Oct","1980-2019",7.9275,0.1525,0.025,0.175,0.4475,0.4575,72.1025
"902",293,"Oct","2020-2059",5.07,0.2375,0.07,0.3125,1.0025,0.1075,65.3375
"903",293,"Oct","2060-2099",5.1475,0.235,0.0525,0.29,0.5425,0.0125,56.925
"904",294,"Oct","1980-2019",7.655,0.22,0.035,0.2575,0.5375,0.7075,72.65
"905",294,"Oct","2020-2059",4.845,0.19,0.045,0.24,1.04,0.805,66.63
"906",294,"Oct","2060-2099",5.7,0.1975,0.04,0.2325,0.7925,0,57.7075
"907",295,"Oct","1980-2019",7.67,0.165,0.055,0.2225,0.4225,1.1175,72.83
"908",295,"Oct","2020-2059",6.1125,0.1625,0.0275,0.195,1.155,0.625,67.3975
"909",295,"Oct","2060-2099",6.825,0.2175,0.015,0.2325,0.8975,0,58.6725
"910",296,"Oct","1980-2019",8.65,0.1725,0.0275,0.2,0.38,0.8425,73.04
"911",296,"Oct","2020-2059",7.3225,0.0975,0.0125,0.11,1.4225,0.655,68.485
"912",296,"Oct","2060-2099",7.165,0.2275,0.055,0.2875,0.375,0.0175,59.2475
"913",297,"Oct","1980-2019",8.6825,0.1825,0.0225,0.215,0.4075,0.9675,73.41
"914",297,"Oct","2020-2059",8.205,0.115,0.0125,0.13,1.0325,0.7525,69.235
"915",297,"Oct","2060-2099",7.4675,0.22,0.0475,0.27,0.77,0.01,60.51
"916",298,"Oct","1980-2019",8.9175,0.17,0.02,0.19,0.4275,0.6325,74.1075
"917",298,"Oct","2020-2059",8.825,0.135,0.005,0.14,1.015,0.55,70.3125
"918",298,"Oct","2060-2099",7.7075,0.185,0.0625,0.245,1.115,0.0325,61.8725
"919",299,"Oct","1980-2019",9.74,0.1525,0.015,0.17,0.4,0.1925,74.945
"920",299,"Oct","2020-2059",10.3225,0.1075,0.025,0.135,0.66,0.4025,70.8425
"921",299,"Oct","2060-2099",7.8575,0.185,0.04,0.225,1.2275,0.805,63.01
"922",300,"Oct","1980-2019",9.92,0.13,0.015,0.1425,0.46,0.5175,76.095
"923",300,"Oct","2020-2059",10.9925,0.09,0.005,0.095,1.145,0.925,72.03
"924",300,"Oct","2060-2099",7.255,0.14,0.0275,0.1675,1.2275,1.105,64.2575
"925",301,"Oct","1980-2019",10.47,0.175,0.01,0.1825,0.375,0.585,76.3975
"926",301,"Oct","2020-2059",12.3125,0.0925,0.0075,0.0975,1.1675,0.755,72.7475
"927",301,"Oct","2060-2099",7.605,0.1625,0.03,0.19,0.7575,0.12,65.3775
"928",302,"Oct","1980-2019",11.4025,0.0975,0.0125,0.11,0.545,0.4375,76.7875
"929",302,"Oct","2020-2059",12.7475,0.135,0.01,0.1425,1.005,0.6125,73.935
"930",302,"Oct","2060-2099",8.875,0.1275,0.0175,0.15,0.795,0.0875,66.7525
"931",303,"Oct","1980-2019",11.685,0.085,0.025,0.115,0.695,0.64,77.7425
"932",303,"Oct","2020-2059",15,0.115,0.0125,0.1275,0.9675,0.66,74.535
"933",303,"Oct","2060-2099",10.045,0.0825,0.03,0.1125,1.2525,0.705,67.695
"934",304,"Oct","1980-2019",13.08,0.075,0.0125,0.09,0.985,0.53,78.7025
"935",304,"Oct","2020-2059",16.5425,0.05,0.0075,0.0575,0.4675,0.12,75.15
"936",304,"Oct","2060-2099",9.945,0.0875,0.02,0.1075,1.1875,0.9775,68.7325
"937",305,"Oct","1980-2019",14.1,0.095,0.015,0.1125,0.3075,0.735,78.8875
"938",305,"Oct","2020-2059",16.985,0.0525,0.01,0.0625,0.3875,0.52,75.4
"939",305,"Oct","2060-2099",10.9675,0.0975,0.02,0.12,1.285,0.64,69.4875
"940",305,"Nov","1980-2019",14.1,0.095,0.015,0.1125,0.3075,0.735,78.8875
"941",305,"Nov","2020-2059",16.985,0.0525,0.01,0.0625,0.3875,0.52,75.4
"942",305,"Nov","2060-2099",10.9675,0.0975,0.02,0.12,1.285,0.64,69.4875
"943",306,"Nov","1980-2019",15.51,0.075,0.0125,0.0875,0.53,0.1875,79.3125
"944",306,"Nov","2020-2059",16.66,0.065,0.0125,0.0725,0.7075,1.475,75.7475
"945",306,"Nov","2060-2099",11.79,0.0875,0.01,0.0975,0.9,0.2425,70.305
"946",307,"Nov","1980-2019",17.275,0.0825,0.0025,0.0875,0.3675,0.2375,79.6975
"947",307,"Nov","2020-2059",16.0625,0.0375,0.01,0.0475,0.7625,1.29,76.7475
"948",307,"Nov","2060-2099",12.6625,0.07,0.005,0.075,1.2525,0.8525,71.2975
"949",308,"Nov","1980-2019",19.19,0.085,0.005,0.09,0.19,0.3575,79.785
"950",308,"Nov","2020-2059",16.25,0.02,0.0025,0.0225,0.595,1.3125,77.46
"951",308,"Nov","2060-2099",13.6825,0.03,0,0.0325,0.6775,0.475,72.2525
"952",309,"Nov","1980-2019",21.5,0.095,0.005,0.1,0.16,0.5225,79.9325
"953",309,"Nov","2020-2059",17.6425,0.0425,0.0075,0.05,1.2675,0.99,78.5675
"954",309,"Nov","2060-2099",14.06,0,0,0,0.6325,0.8125,73.195
"955",310,"Nov","1980-2019",23.44,0.1125,0.0075,0.1225,0.5325,0.755,80.2475
"956",310,"Nov","2020-2059",18.57,0.02,0,0.02,1.14,1.065,79.6075
"957",310,"Nov","2060-2099",14.2275,0.055,0,0.055,1.125,1.0875,73.995
"958",311,"Nov","1980-2019",23.8225,0.06,0.0075,0.0675,0.34,1.32,80.51
"959",311,"Nov","2020-2059",19.505,0.0225,0,0.0225,0.755,0.82,80.23
"960",311,"Nov","2060-2099",15.0775,0.0475,0,0.05,1.56,1.8675,74.675
"961",312,"Nov","1980-2019",25.5825,0.06,0.005,0.065,0.84,1.1425,80.63
"962",312,"Nov","2020-2059",20.9525,0.04,0,0.04,0.7425,1.015,80.745
"963",312,"Nov","2060-2099",15.8175,0.035,0,0.035,0.915,1.2675,75.3325
"964",313,"Nov","1980-2019",27.245,0.055,0.0025,0.0575,0.285,0.4,80.9175
"965",313,"Nov","2020-2059",22.3725,0.02,0,0.02,0.495,0.83,81.075
"966",313,"Nov","2060-2099",16.5125,0.035,0.0025,0.0375,0.525,0.6775,75.625
"967",314,"Nov","1980-2019",27.9825,0.05,0,0.0525,0.12,0.3575,81.105
"968",314,"Nov","2020-2059",23.29,0.0125,0,0.0125,0.5875,0.86,81.6
"969",314,"Nov","2060-2099",18.575,0.055,0,0.055,0.95,0.4375,76.5
"970",315,"Nov","1980-2019",28.89,0.0325,0,0.0325,0.205,0.6875,81.335
"971",315,"Nov","2020-2059",24.6525,0.01,0,0.01,0.6975,1.14,81.725
"972",315,"Nov","2060-2099",18.94,0.0725,0.0025,0.075,0.7825,0.8725,77.34
"973",316,"Nov","1980-2019",29.6525,0.035,0,0.0375,0.3575,0.89,81.5175
"974",316,"Nov","2020-2059",25.55,0.0175,0,0.0175,0.2125,0.82,81.8375
"975",316,"Nov","2060-2099",19.52,0.0475,0.005,0.055,0.6675,0.385,78.22
"976",317,"Nov","1980-2019",31.7925,0.05,0.0025,0.05,0.1825,0.41,81.8225
"977",317,"Nov","2020-2059",26.585,0.0375,0,0.0375,0.33,1.0975,82.2925
"978",317,"Nov","2060-2099",19.9475,0.02,0.01,0.03,0.5725,0.3725,78.965
"979",318,"Nov","1980-2019",33.3925,0.05,0.0025,0.05,0.1375,0.35,81.8975
"980",318,"Nov","2020-2059",27.41,0.0175,0,0.0175,0.2425,0.8475,82.6625
"981",318,"Nov","2060-2099",20.085,0.04,0.005,0.045,0.5625,0.6475,79.745
"982",319,"Nov","1980-2019",34.8625,0.015,0.0025,0.0175,0.1525,0.5975,81.95
"983",319,"Nov","2020-2059",28.45,0.015,0,0.015,0.465,1.3525,82.7725
"984",319,"Nov","2060-2099",20.2375,0.0275,0.005,0.03,0.26,0.84,80.205
"985",320,"Nov","1980-2019",35.96,0.0125,0.0025,0.0125,0.265,0.6325,82.005
"986",320,"Nov","2020-2059",29.7625,0.015,0,0.015,0.2,0.2575,82.8175
"987",320,"Nov","2060-2099",21.595,0.04,0,0.04,0.33,0.4375,80.4375
"988",321,"Nov","1980-2019",37.8275,0.01,0,0.01,0.19,0.29,82.0825
"989",321,"Nov","2020-2059",31.215,0.0075,0,0.0075,0.2425,0.2425,82.93
"990",321,"Nov","2060-2099",23.505,0.005,0,0.005,0.57,0.405,80.665
"991",322,"Nov","1980-2019",38.85,0,0,0,0.1425,0.48,82.3075
"992",322,"Nov","2020-2059",33.3975,0.01,0,0.01,0.12,0.5,83.03
"993",322,"Nov","2060-2099",24.2875,0.0225,0,0.0225,0.3225,0.3875,80.7125
"994",323,"Nov","1980-2019",40.1025,0,0,0,0.105,0.6525,82.4625
"995",323,"Nov","2020-2059",35.325,0.015,0,0.0175,0.0325,0.1775,83.06
"996",323,"Nov","2060-2099",25.6625,0.015,0,0.015,0.0575,0.355,81.02
"997",324,"Nov","1980-2019",42.2725,0,0,0,0.43,0.3525,82.9
"998",324,"Nov","2020-2059",36.535,0.02,0,0.02,0.01,0.5175,83.05
"999",324,"Nov","2060-2099",26.5275,0.0125,0,0.0125,0.1925,0.8825,81.4025
"1000",325,"Nov","1980-2019",43.315,0,0,0,0.1825,0.66,83.2575
"1001",325,"Nov","2020-2059",38.62,0.01,0,0.0125,0.3075,0.7525,83.335
"1002",325,"Nov","2060-2099",27.88,0.0175,0,0.0175,0.125,0.4025,81.7875
"1003",326,"Nov","1980-2019",45.0975,0,0,0,0.135,0.6525,83.345
"1004",326,"Nov","2020-2059",39.76,0,0,0,0.2375,0.5025,83.515
"1005",326,"Nov","2060-2099",28.8775,0.0175,0,0.02,0.3375,0.45,82.0675
"1006",327,"Nov","1980-2019",47.255,0,0,0,0.0325,0.605,83.3775
"1007",327,"Nov","2020-2059",41.855,0,0,0,0.175,0.505,83.6825
"1008",327,"Nov","2060-2099",29.7925,0.01,0,0.01,0.17,0.7025,82.06
"1009",328,"Nov","1980-2019",49.5025,0,0,0,0.045,0.3075,83.3775
"1010",328,"Nov","2020-2059",44.1725,0.005,0,0.005,0.09,0.165,83.745
"1011",328,"Nov","2060-2099",31.3225,0,0,0,0.5325,0.5,82.2875
"1012",329,"Nov","1980-2019",51.9575,0,0,0,0.22,0.29,83.3775
"1013",329,"Nov","2020-2059",46.495,0.01,0,0.01,0.14,0.3275,84.045
"1014",329,"Nov","2060-2099",32.535,0.0225,0,0.0225,0.4025,0.625,82.885
"1015",330,"Nov","1980-2019",54.4075,0,0,0,0.23,0.6925,83.5325
"1016",330,"Nov","2020-2059",49.645,0.0075,0,0.0075,0.455,0.3375,84.635
"1017",330,"Nov","2060-2099",32.7125,0,0,0,0.305,1.11,83.11
"1018",331,"Nov","1980-2019",55.85,0,0,0,0.2325,0.5125,83.5325
"1019",331,"Nov","2020-2059",51.89,0,0,0,0.1225,0.1175,84.7975
"1020",331,"Nov","2060-2099",33.845,0.0075,0,0.01,0.2475,0.5425,83.11
"1021",332,"Nov","1980-2019",56.93,0,0,0,0.145,0.445,83.5325
"1022",332,"Nov","2020-2059",53.2775,0,0,0,0.2125,0.535,84.8475
"1023",332,"Nov","2060-2099",34.8125,0,0,0,0.1125,0.265,83.11
"1024",333,"Nov","1980-2019",58.765,0,0,0,0.035,0.035,83.6025
"1025",333,"Nov","2020-2059",54.6925,0,0,0,0.1725,0.525,84.8475
"1026",333,"Nov","2060-2099",35.72,0.005,0,0.005,0.4475,0.4325,83.45
"1027",334,"Nov","1980-2019",60.62,0,0,0,0,0.1225,83.6225
"1028",334,"Nov","2020-2059",56.78,0.0075,0,0.0075,0.0675,0.12,84.8475
"1029",334,"Nov","2060-2099",36.955,0.0075,0,0.0075,0.1375,0.55,83.75
"1030",335,"Nov","1980-2019",63.605,0,0,0,0.0775,0.0775,83.6225
"1031",335,"Nov","2020-2059",59.1,0,0,0,0.075,0.075,84.8475
"1032",335,"Nov","2060-2099",38.98,0.01,0,0.01,0.24,0.425,83.75
"1033",335,"Dec","1980-2019",63.605,0,0,0,0.0775,0.0775,83.6225
"1034",335,"Dec","2020-2059",59.1,0,0,0,0.075,0.075,84.8475
"1035",335,"Dec","2060-2099",38.98,0.01,0,0.01,0.24,0.425,83.75
"1036",336,"Dec","1980-2019",67.04,0,0,0,0,0,83.6225
"1037",336,"Dec","2020-2059",60.3125,0.005,0,0.005,0.35,0.415,84.8475
"1038",336,"Dec","2060-2099",40.925,0.0025,0,0.0025,0.075,0.1875,83.7475
"1039",337,"Dec","1980-2019",69.4825,0,0,0,0.29,0.0775,83.85
"1040",337,"Dec","2020-2059",61.9375,0,0,0,0.1175,0.2225,84.8475
"1041",337,"Dec","2060-2099",42.9075,0,0,0,0.06,0.06,83.7475
"1042",338,"Dec","1980-2019",71.165,0,0,0,0.17,0.24,83.86
"1043",338,"Dec","2020-2059",63.1775,0,0,0,0.1675,0.725,84.8475
"1044",338,"Dec","2060-2099",44.875,0.015,0,0.015,0,0.01,83.75
"1045",339,"Dec","1980-2019",72.7125,0,0,0,0.09,0.09,83.86
"1046",339,"Dec","2020-2059",64.2825,0,0,0,0.235,0.7025,84.8475
"1047",339,"Dec","2060-2099",46.9425,0.005,0,0.0075,0.07,0.1575,83.78
"1048",340,"Dec","1980-2019",74.62,0,0,0,0.15,0.28,83.9025
"1049",340,"Dec","2020-2059",66.9675,0,0,0,0,0,84.8475
"1050",340,"Dec","2060-2099",48.435,0.0025,0,0.0025,0.545,0.6975,83.9325
"1051",341,"Dec","1980-2019",76.4925,0,0,0,0.015,0.015,83.9025
"1052",341,"Dec","2020-2059",68.52,0,0,0,0.0375,0.1375,84.8475
"1053",341,"Dec","2060-2099",50.4075,0,0,0,0.035,0.1225,83.9325
"1054",342,"Dec","1980-2019",78.0275,0,0,0,0.1125,0.455,83.9025
"1055",342,"Dec","2020-2059",70.535,0,0,0,0.0075,0.0075,84.8475
"1056",342,"Dec","2060-2099",52.6525,0,0,0,0.0175,0.0175,84.0375
"1057",343,"Dec","1980-2019",79.2225,0,0,0,0,0.305,83.9025
"1058",343,"Dec","2020-2059",72.4025,0,0,0,0,0,84.8475
"1059",343,"Dec","2060-2099",54.2225,0.005,0,0.005,0.08,0.1475,84.04
"1060",344,"Dec","1980-2019",80.905,0,0,0,0.11,0.2175,83.9625
"1061",344,"Dec","2020-2059",74.8,0,0,0,0,0,84.8475
"1062",344,"Dec","2060-2099",55.775,0,0,0,0.0525,0.05,84.045
"1063",345,"Dec","1980-2019",82.6025,0,0,0,0,0.22,83.9625
"1064",345,"Dec","2020-2059",75.175,0,0,0,0.0275,0.69,84.8475
"1065",345,"Dec","2060-2099",57.4375,0,0,0,0.01,0,84.1025
"1066",346,"Dec","1980-2019",84.405,0,0,0,0.03,0.735,83.995
"1067",346,"Dec","2020-2059",75.9275,0,0,0,0.1025,0.645,84.8475
"1068",346,"Dec","2060-2099",59.5925,0,0,0,0,0.0375,84.1025
"1069",347,"Dec","1980-2019",86.55,0,0,0,0.1525,0.1425,84.03
"1070",347,"Dec","2020-2059",77.7025,0,0,0,0.1275,0.4475,84.8475
"1071",347,"Dec","2060-2099",60.4575,0,0,0,0.035,0.4025,84.285
"1072",348,"Dec","1980-2019",88.6925,0,0,0,0,0,84.03
"1073",348,"Dec","2020-2059",79.465,0,0,0,0.125,0.1275,84.8475
"1074",348,"Dec","2060-2099",61.03,0,0,0,0.1775,0.7025,84.3525
"1075",349,"Dec","1980-2019",90.48,0,0,0,0,0,84.03
"1076",349,"Dec","2020-2059",81.3775,0,0,0,0.075,0.075,84.8475
"1077",349,"Dec","2060-2099",63.0725,0,0,0,0.08,0,84.555
"1078",350,"Dec","1980-2019",92.4875,0,0,0,0,0,84.03
"1079",350,"Dec","2020-2059",83.34,0,0,0,0.015,0.2175,84.8475
"1080",350,"Dec","2060-2099",65.2125,0,0,0,0.1,0,84.6975
"1081",351,"Dec","1980-2019",93.9075,0,0,0,0,0,84.03
"1082",351,"Dec","2020-2059",85.415,0,0,0,0.115,0.3325,84.8475
"1083",351,"Dec","2060-2099",68.3925,0,0,0,0.095,0.2975,84.735
"1084",352,"Dec","1980-2019",96.1275,0,0,0,0,0,84.03
"1085",352,"Dec","2020-2059",88.2325,0,0,0,0.02,0,84.8725
"1086",352,"Dec","2060-2099",71.7025,0,0,0,0.325,0.3625,84.8075
"1087",353,"Dec","1980-2019",98.445,0,0,0,0,0,84.03
"1088",353,"Dec","2020-2059",89.7025,0,0,0,0.095,0.0575,84.96
"1089",353,"Dec","2060-2099",74.2675,0,0,0,0.02,0,84.94
"1090",354,"Dec","1980-2019",100.385,0,0,0,0,0,84.03
"1091",354,"Dec","2020-2059",91.65,0,0,0,0,0,84.96
"1092",354,"Dec","2060-2099",76.705,0,0,0,0.0425,0.0325,84.9475
"1093",355,"Dec","1980-2019",102.5875,0,0,0,0.05,0.125,84.03
"1094",355,"Dec","2020-2059",94.77,0,0,0,0,0,84.96
"1095",355,"Dec","2060-2099",78.6225,0,0,0,0,0,85.1675
"1096",356,"Dec","1980-2019",104.735,0,0,0,0.1,0.2675,84.03
"1097",356,"Dec","2020-2059",96.915,0,0,0,0,0,84.96
"1098",356,"Dec","2060-2099",79.8075,0,0,0,0.11,0.2225,85.3
"1099",357,"Dec","1980-2019",106.77,0,0,0,0,0,84.03
"1100",357,"Dec","2020-2059",99.0025,0,0,0,0.0625,0,85.2275
"1101",357,"Dec","2060-2099",81.2925,0,0,0,0.0325,0.2825,85.3
"1102",358,"Dec","1980-2019",108.6175,0,0,0,0,0,84.03
"1103",358,"Dec","2020-2059",99.94,0,0,0,0.0825,0,85.585
"1104",358,"Dec","2060-2099",82.98,0,0,0,0.055,0.055,85.3
"1105",359,"Dec","1980-2019",110.105,0,0,0,0.02,0.145,84.03
"1106",359,"Dec","2020-2059",101.1975,0,0,0,0.15,0,85.735
"1107",359,"Dec","2060-2099",84.975,0,0,0,0,0,85.3
"1108",360,"Dec","1980-2019",111.6375,0,0,0,0,0,84.03
"1109",360,"Dec","2020-2059",102.865,0,0,0,0.07,0.0075,85.7975
"1110",360,"Dec","2060-2099",86.655,0,0,0,0.1975,0.455,85.3
"1111",361,"Dec","1980-2019",113.1425,0,0,0,0,0.15,84.03
"1112",361,"Dec","2020-2059",105.1025,0,0,0,0.0275,0.0275,85.7975
"1113",361,"Dec","2060-2099",88.41,0,0,0,0.115,0.56,85.3
"1114",362,"Dec","1980-2019",115.01,0,0,0,0.03,0.28,84.03
"1115",362,"Dec","2020-2059",106.9175,0,0,0,0.02,0.02,85.7975
"1116",362,"Dec","2060-2099",90.5375,0,0,0,0.0275,0.0275,85.3
"1117",363,"Dec","1980-2019",117.8675,0,0,0,0,0,84.03
"1118",363,"Dec","2020-2059",108.2175,0,0,0,0,0,85.7975
"1119",363,"Dec","2060-2099",92.6075,0,0,0,0,0,85.3
"1120",364,"Dec","1980-2019",120.605,0,0,0,0,0,84.03
"1121",364,"Dec","2020-2059",110.275,0,0,0,0,0.125,85.7975
"1122",364,"Dec","2060-2099",95.31,0,0,0,0.04,0.04,85.3
"1123",365,"Dec","1980-2019",122.9075,0,0,0,0,0,84.03
"1124",365,"Dec","2020-2059",111.595,0,0,0,0.0475,0.265,85.7975
"1125",365,"Dec","2060-2099",97.21,0,0,0,0.015,0.3875,85.3
"1126",366,"Dec","1980-2019",128.15,0,0,0,0,0,82.07
"1127",366,"Dec","2020-2059",104.19,0,0,0,0.41,1.18,86.8
"1128",366,"Dec","2060-2099",85.07,0,0,0,0.25,0.79,87.79
